0
0
0
0
0
1612
196
0
376
512
384
0
392
0
880
536
0
0
0
0
0
0
0
0
0
1872
220
0
384
240
224
0
392
0
828
548
0
0
0
0
0
0
0
0
0
1844
180
0
404
220
0
0
368
0
940
660
0
0
12
0
0
0
0
0
0
2100
272
0
412
300
244
0
384
0
988
596
0
0
32
0
0
0
0
0
0
1956
280
0
420
340
276
0
400
0
1048
580
0
0
76
0
0
0
0
0
0
2132
252
0
424
472
304
0
376
0
1016
520
0
0
92
0
0
0
0
0
0
2256
200
0
412
516
300
0
376
0
992
536
0
0
72
0
0
0
0
0
0
2188
188
0
380
568
320
0
376
0
956
592
0
0
44
0
0
0
0
0
0
1784
212
0
284
524
476
0
344
0
1000
708
0
0
12
0
0
0
0
0
0
1940
220
0
276
752
552
0
308
0
968
796
0
0
92
0
0
0
0
0
0
1512
136
0
264
836
604
0
344
0
1068
1004
0
0
164
116
0
0
0
0
0
1504
104
0
320
948
540
0
356
0
880
756
0
0
96
0
0
0
0
0
0
1544
108
0
336
924
552
0
372
0
984
900
0
0
184
132
0
0
0
0
0
1528
72
0
364
1220
728
0
384
0
1004
852
0
0
172
60
0
0
0
0
0
1680
128
0
364
880
772
0
368
0
936
744
0
0
68
0
0
0
0
0
0
1648
120
0
376
908
824
0
348
0
952
716
0
0
56
0
0
0
0
0
0
1624
128
0
384
848
804
0
336
0
880
800
0
0
60
36
0
0
0
0
0
1680
136
0
328
1000
796
0
300
0
852
708
0
0
0
0
0
0
0
0
0
1692
192
0
356
1020
760
0
284
0
1036
780
0
0
84
64
0
0
0
0
0
1736
188
0
380
1040
788
0
280
0
904
804
0
0
52
52
0
0
0
0
0
1716
180
0
496
1072
708
0
256
0
904
836
0
0
88
88
0
0
0
0
0
1724
132
0
488
1148
668
0
240
0
928
840
0
0
124
96
0
0
0
0
0
2076
148
0
484
984
764
0
240
0
972
824
0
0
108
76
0
0
0
0
0
1796
156
0
480
1088
756
0
256
0
952
872
0
0
116
108
0
0
0
0
0
2108
144
0
424
1032
816
0
216
0
908
856
0
0
84
68
0
0
0
0
0
2124
168
0
488
1048
800
0
212
0
920
848
0
0
56
56
0
0
0
0
0
2024
212
0
452
1108
820
0
208
0
892
868
0
0
80
80
0
0
0
0
0
2024
224
0
408
944
804
0
224
0
908
820
0
0
36
36
0
0
0
0
0
2044
196
0
396
876
804
0
276
0
924
840
0
0
36
36
0
0
0
0
0
2112
272
0
428
900
748
0
296
0
948
852
0
0
52
48
0
0
0
0
0
2068
248
0
444
952
720
0
280
0
960
884
0
0
40
32
0
0
0
0
0
2232
580
0
480
792
660
0
220
0
964
912
0
0
0
0
0
0
0
0
0
2220
596
0
492
896
660
0
244
0
968
904
0
0
0
0
0
0
0
0
0
2236
600
0
532
808
528
0
240
0
1012
928
0
0
0
0
0
0
0
0
0
2220
616
0
500
820
584
0
280
0
1024
964
0
0
0
0
0
0
0
0
0
2252
596
0
520
872
536
0
292
0
1032
1008
0
0
40
40
0
0
0
0
0
2220
608
0
548
864
564
0
276
0
1048
1016
0
0
48
48
0
0
0
0
0
2168
644
0
564
896
572
0
308
0
1148
1104
0
0
120
120
0
0
132
0
608
2196
804
0
648
916
580
0
260
0
1136
1096
0
0
124
112
0
0
180
0
676
2272
716
0
612
988
612
0
228
0
1152
1112
0
0
64
64
0
0
260
0
776
2220
704
0
476
700
628
0
220
0
1208
1184
0
0
92
92
0
0
284
0
764
2116
672
0
672
784
692
0
220
0
1264
1228
0
0
108
108
0
0
316
0
768
2016
712
0
560
724
724
0
228
0
1304
1276
0
0
140
132
0
0
344
0
768
1952
716
0
664
752
652
0
260
0
1364
1304
0
0
156
144
0
0
356
0
856
1908
772
0
672
816
644
0
252
0
1412
1356
0
0
200
184
0
0
364
0
852
1892
824
0
704
892
668
0
224
0
1400
1340
0
0
164
156
0
0
360
0
804
1872
884
0
708
864
676
0
232
0
1444
1372
0
0
200
192
0
0
348
0
808
1860
884
0
720
864
684
0
236
0
1500
1404
0
0
228
224
56
0
360
0
732
1944
884
0
668
868
708
0
276
0
1528
1420
0
0
244
240
0
0
372
0
812
1928
840
0
680
956
736
0
292
0
1568
1424
0
0
268
264
0
0
356
0
976
1916
916
0
696
920
796
0
304
0
1596
1440
0
0
284
280
0
0
292
0
940
1924
900
0
720
988
824
0
300
0
1632
1512
0
0
320
316
140
0
272
0
1068
1964
928
0
732
1228
892
0
456
0
1688
1540
0
0
340
336
132
0
204
0
1152
1904
888
0
712
1212
824
0
456
0
1724
1596
0
0
352
348
112
0
140
0
1140
1924
876
0
732
1292
808
0
480
0
1732
1660
0
0
376
364
140
0
124
0
1200
1912
876
0
752
1352
848
0
448
0
1768
1704
0
0
392
368
116
0
116
0
1172
1864
868
0
756
1264
836
0
404
0
1816
1760
0
0
436
424
184
0
92
0
1148
1888
812
0
768
1264
864
0
404
0
1828
1780
0
0
424
404
224
0
84
0
1224
1868
836
0
804
1168
804
0
416
48
1856
1820
0
0
456
452
228
0
116
0
1232
1880
876
0
824
1204
788
0
396
316
1856
1852
0
0
488
476
204
0
104
0
1280
1920
980
0
796
1192
856
0
388
408
1856
1856
0
0
492
488
180
0
96
0
1264
1960
980
0
848
1188
900
0
436
704
1876
1872
0
0
516
500
136
0
64
0
1312
1976
996
0
808
1184
904
0
396
800
1884
1884
0
0
528
512
156
0
44
0
1344
1928
1128
0
796
1276
876
0
448
832
1944
1944
0
0
556
548
264
0
40
0
1304
1960
1132
0
840
1260
884
0
468
916
1924
1976
0
0
556
552
184
0
32
0
1360
1952
1056
0
844
1244
844
0
472
984
1828
2020
0
0
592
588
220
0
48
0
1408
1932
1112
0
848
1232
872
0
476
1092
1664
2040
0
20
572
572
240
0
40
0
1384
1952
1108
0
876
1280
852
0
404
1116
1640
2044
0
24
588
588
180
0
92
0
1420
1968
1108
0
860
1276
864
0
392
1196
1880
2052
0
52
604
600
204
0
60
0
1360
1988
1080
0
868
1312
812
0
420
1284
1288
2068
0
72
596
668
172
0
72
32
1048
2060
1812
80
924
1396
824
0
404
980
1052
2044
0
0
688
688
204
0
56
36
1100
2160
1912
92
928
1452
872
0
456
980
1112
2100
0
0
704
704
180
0
60
8
1148
2216
2012
132
936
1464
888
0
460
1100
1012
2116
0
20
708
728
156
0
112
0
1140
2268
2144
164
940
1468
892
0
460
1136
996
2144
0
44
704
752
176
0
128
0
1088
2236
2144
44
968
1424
876
0
468
1320
852
2180
0
148
624
772
184
0
168
0
1088
2368
2180
120
972
1368
840
0
472
1404
812
2220
0
156
680
836
216
0
192
88
1044
2416
2220
152
1032
1396
780
0
488
1472
756
2232
0
180
660
840
256
0
208
124
1048
2468
2272
24
952
1424
764
0
516
1544
716
2260
0
208
696
904
284
0
236
136
1052
2216
2292
28
1012
1408
748
0
512
1528
764
2304
0
160
732
892
308
0
224
132
1052
2604
2324
112
980
1444
732
0
516
1488
812
2312
0
112
796
912
244
0
188
116
1032
2552
2344
296
904
1428
764
0
536
1544
764
2320
0
148
756
908
264
0
124
104
920
2364
2328
348
1032
1424
760
0
548
1504
808
2320
0
112
812
924
256
0
124
124
924
2372
2324
84
1012
1408
828
0
568
1480
828
2320
0
112
804
920
212
0
136
124
932
2356
2252
164
952
1388
812
0
560
1500
816
2332
0
140
780
924
244
0
176
144
872
2492
2120
96
904
1324
852
0
560
1524
800
2336
0
140
752
888
200
0
124
84
804
2488
2160
104
952
1296
860
0
568
1396
944
2352
0
84
784
868
256
0
132
80
776
2428
1948
332
968
1332
892
0
596
1388
956
2352
0
88
800
884
260
0
132
72
752
2216
1892
336
972
1340
912
0
612
1340
988
2344
0
84
792
864
216
0
176
72
784
2188
1840
328
1004
1340
876
0
540
1308
1020
2340
0
92
732
824
220
0
176
76
708
2228
2000
356
1028
1380
864
0
516
1200
1120
2336
0
40
772
816
252
0
204
76
756
2200
1980
352
1032
1408
852
0
520
1280
1036
2320
0
72
740
804
204
0
184
80
700
2184
1984
344
1008
1460
828
0
560
1260
1032
2304
0
36
760
796
188
0
180
132
608
2192
2032
292
1004
1480
796
0
592
1308
984
2304
0
88
720
804
216
0
164
100
576
2172
2048
248
976
1460
756
0
508
1320
968
2296
0
100
688
788
200
0
192
152
528
2160
2164
200
996
1468
752
0
588
1344
928
2280
0
128
660
788
212
0
180
132
504
2152
2164
184
972
1516
772
0
552
1336
936
2280
0
120
664
772
252
0
208
140
452
2196
2032
192
1108
1536
792
0
584
1376
876
2256
0
144
624
752
240
0
184
156
416
2156
2072
204
836
1552
772
0
516
1408
820
2228
0
164
580
720
252
0
204
184
376
2176
2100
220
1024
1544
816
0
536
1316
904
2232
0
124
588
700
264
0
212
212
372
2208
2132
192
920
1540
788
0
528
1340
884
2236
0
136
580
700
236
0
208
172
380
2088
2144
180
884
1556
788
0
524
1336
884
2228
0
108
584
664
236
0
216
172
572
1796
1892
180
892
1656
948
0
500
1288
920
2220
0
88
604
660
212
0
228
204
504
1796
1904
224
888
1656
948
0
432
1152
1012
2220
0
0
696
656
192
0
292
212
488
1868
1928
260
880
1680
1036
0
424
1152
1032
2200
0
0
708
644
196
0
288
216
336
1928
1956
316
852
1656
1044
0
544
1140
1068
2236
0
0
696
636
212
0
312
212
340
2020
1956
304
860
1636
1032
0
452
1128
1116
2256
0
0
708
636
212
0
324
220
328
1880
1992
288
876
1644
1000
0
388
1144
1072
2232
0
0
684
612
204
0
292
216
328
2004
2012
260
920
1660
988
0
504
1220
1032
2260
0
24
644
616
188
0
276
236
332
1984
1960
280
896
1676
1016
0
412
1168
1080
2252
0
0
620
576
212
0
276
268
312
1988
1932
288
900
1644
988
0
416
1168
1060
2232
0
0
604
564
196
0
288
284
316
1980
1932
268
908
1656
1064
0
468
1172
1036
2216
0
0
608
556
188
0
280
268
324
1936
1976
280
936
1708
1036
0
472
1232
1012
2244
0
0
576
560
176
0
272
264
324
1992
1992
256
956
1740
1092
0
444
1252
992
2240
0
0
596
552
168
0
268
248
324
1992
1996
276
936
1712
1064
0
392
1228
992
2220
0
0
576
552
184
0
276
268
324
1948
1988
276
984
1760
1068
0
380
1224
980
2212
0
0
600
536
132
0
292
264
352
1896
2000
316
996
1832
1100
0
388
1236
972
2212
0
0
608
532
116
0
308
276
352
1928
1984
320
1024
1856
1100
0
392
1188
1028
2204
0
24
648
572
100
0
364
300
376
1896
2012
360
1056
1848
1072
0
340
1196
976
2176
0
72
624
560
4
0
332
304
904
1444
1976
368
1156
1824
1072
0
328
1048
1108
2164
0
0
704
560
0
0
284
284
912
1428
2024
384
1180
1804
1036
0
320
992
1160
2160
0
0
676
548
0
0
312
312
892
1424
2036
388
1148
1852
1008
0
332
1068
1084
2164
0
24
676
548
0
0
304
304
888
1432
2024
372
1168
1904
1052
0
300
1192
932
2152
0
44
640
540
0
0
324
324
912
1416
2032
364
1188
1860
1056
0
296
1236
884
2128
0
100
624
556
0
0
328
328
916
1416
2056
400
1356
1756
1072
0
228
1204
888
2100
0
96
524
512
0
0
316
316
884
1432
2096
412
1348
1712
1080
0
224
1276
808
2088
0
80
548
520
0
0
276
276
916
1448
2112
424
1352
1680
1032
0
184
1240
860
2092
0
84
532
520
0
0
296
280
840
1536
2156
420
1572
1536
992
0
184
1268
808
2076
0
40
604
544
