inv-swi-rcnn-rec_prec					
inv-swi-nms_10			inv-swi-rcnn-nms_10		
confidence_threshold	Recall	Precision	confidence_threshold	Recall	Precision
0.0	67.55386565272497	70.13157894736842	0.0	85.55133079847909	88.46657929226737
0.001	67.55386565272497	70.13157894736842	0.001	85.55133079847909	88.46657929226737
0.002	67.55386565272497	70.13157894736842	0.002	85.55133079847909	88.46657929226737
0.003	67.55386565272497	70.13157894736842	0.003	85.55133079847909	88.46657929226737
0.004	67.55386565272497	70.13157894736842	0.004	85.55133079847909	88.46657929226737
0.005	67.55386565272497	70.13157894736842	0.005	85.55133079847909	88.46657929226737
0.006	67.55386565272497	70.13157894736842	0.006	85.55133079847909	88.46657929226737
0.007	67.55386565272497	70.13157894736842	0.007	85.55133079847909	88.46657929226737
0.008	67.55386565272497	70.13157894736842	0.008	85.55133079847909	88.46657929226737
0.009	67.55386565272497	70.13157894736842	0.009	85.55133079847909	88.46657929226737
0.01	67.55386565272497	70.13157894736842	0.01	85.55133079847909	88.46657929226737
0.011	67.55386565272497	70.13157894736842	0.011	85.55133079847909	88.46657929226737
0.012	67.55386565272497	70.13157894736842	0.012	85.55133079847909	88.46657929226737
0.013	67.55386565272497	70.13157894736842	0.013	85.55133079847909	88.46657929226737
0.014	67.55386565272497	70.13157894736842	0.014	85.55133079847909	88.46657929226737
0.015	67.55386565272497	70.13157894736842	0.015	85.55133079847909	88.46657929226737
0.016	67.55386565272497	70.13157894736842	0.016	85.55133079847909	88.46657929226737
0.017	67.55386565272497	70.13157894736842	0.017	85.55133079847909	88.46657929226737
0.018	67.55386565272497	70.13157894736842	0.018	85.55133079847909	88.46657929226737
0.019	67.55386565272497	70.13157894736842	0.019	85.55133079847909	88.46657929226737
0.02	67.55386565272497	70.13157894736842	0.02	85.55133079847909	88.46657929226737
0.021	67.55386565272497	70.13157894736842	0.021	85.55133079847909	88.46657929226737
0.022	67.55386565272497	70.13157894736842	0.022	85.55133079847909	88.46657929226737
0.023	67.55386565272497	70.13157894736842	0.023	85.55133079847909	88.46657929226737
0.024	67.55386565272497	70.13157894736842	0.024	85.55133079847909	88.46657929226737
0.025	67.55386565272497	70.13157894736842	0.025	85.55133079847909	88.46657929226737
0.026	67.55386565272497	70.13157894736842	0.026	85.55133079847909	88.46657929226737
0.027	67.55386565272497	70.13157894736842	0.027	85.55133079847909	88.46657929226737
0.028	67.55386565272497	70.13157894736842	0.028	85.55133079847909	88.46657929226737
0.029	67.55386565272497	70.13157894736842	0.029	85.55133079847909	88.46657929226737
0.03	67.55386565272497	70.13157894736842	0.03	85.55133079847909	88.46657929226737
0.031	67.55386565272497	70.13157894736842	0.031	85.55133079847909	88.46657929226737
0.032	67.55386565272497	70.13157894736842	0.032	85.55133079847909	88.46657929226737
0.033	67.55386565272497	70.13157894736842	0.033	85.55133079847909	88.46657929226737
0.034	67.55386565272497	70.13157894736842	0.034	85.55133079847909	88.46657929226737
0.035	67.55386565272497	70.13157894736842	0.035	85.55133079847909	88.46657929226737
0.036	67.55386565272497	70.13157894736842	0.036	85.55133079847909	88.46657929226737
0.037	67.55386565272497	70.13157894736842	0.037	85.55133079847909	88.46657929226737
0.038	67.55386565272497	70.13157894736842	0.038	85.55133079847909	88.46657929226737
0.039	67.55386565272497	70.13157894736842	0.039	85.55133079847909	88.46657929226737
0.04	67.55386565272497	70.13157894736842	0.04	85.55133079847909	88.46657929226737
0.041	67.55386565272497	70.13157894736842	0.041	85.55133079847909	88.46657929226737
0.042	67.55386565272497	70.13157894736842	0.042	85.55133079847909	88.46657929226737
0.043	67.55386565272497	70.13157894736842	0.043	85.55133079847909	88.46657929226737
0.044	67.55386565272497	70.13157894736842	0.044	85.55133079847909	88.46657929226737
0.045	67.55386565272497	70.13157894736842	0.045	85.55133079847909	88.46657929226737
0.046	67.55386565272497	70.13157894736842	0.046	85.55133079847909	88.46657929226737
0.047	67.55386565272497	70.13157894736842	0.047	85.55133079847909	88.46657929226737
0.048	67.55386565272497	70.13157894736842	0.048	85.55133079847909	88.46657929226737
0.049	67.55386565272497	70.13157894736842	0.049	85.55133079847909	88.46657929226737
0.05	67.55386565272497	70.13157894736842	0.05	85.55133079847909	88.46657929226737
0.051	67.55386565272497	70.2239789196311	0.051	85.55133079847909	88.46657929226737
0.052	67.55386565272497	70.31662269129288	0.052	85.42458808618505	88.4514435695538
0.053	67.55386565272497	70.31662269129288	0.053	85.42458808618505	88.4514435695538
0.054	67.55386565272497	70.40951122853369	0.054	85.42458808618505	88.4514435695538
0.055	67.55386565272497	70.5026455026455	0.055	85.42458808618505	88.5676741130092
0.056	67.42712294043093	70.55702917771883	0.056	85.42458808618505	88.68421052631578
0.057	67.30038022813687	70.5179282868526	0.057	85.42458808618505	88.68421052631578
0.058	67.30038022813687	70.8	0.058	85.42458808618505	88.68421052631578
0.059	67.30038022813687	70.8	0.059	85.42458808618505	88.68421052631578
0.06	67.30038022813687	70.8	0.06	85.42458808618505	88.68421052631578
0.061	67.30038022813687	70.8	0.061	85.42458808618505	88.68421052631578
0.062	67.30038022813687	71.17962466487936	0.062	85.42458808618505	88.80105401844533
0.063	67.17363751584284	71.14093959731544	0.063	85.42458808618505	88.80105401844533
0.064	67.17363751584284	71.33243606998654	0.064	85.42458808618505	88.80105401844533
0.065	67.17363751584284	71.33243606998654	0.065	85.42458808618505	88.91820580474933
0.066	67.17363751584284	71.33243606998654	0.066	85.42458808618505	89.03566710700133
0.067	67.17363751584284	71.62162162162163	0.067	85.42458808618505	89.03566710700133
0.068	67.17363751584284	71.62162162162163	0.068	85.42458808618505	89.03566710700133
0.069	67.17363751584284	71.62162162162163	0.069	85.42458808618505	89.15343915343915
0.07	67.17363751584284	71.71853856562923	0.07	85.42458808618505	89.15343915343915
0.071	66.92015209125475	71.64179104477611	0.071	85.42458808618505	89.15343915343915
0.072	66.92015209125475	71.73913043478261	0.072	85.42458808618505	89.15343915343915
0.073	66.79340937896072	71.70068027210884	0.073	85.42458808618505	89.15343915343915
0.074	66.79340937896072	71.7983651226158	0.074	85.42458808618505	89.15343915343915
0.075	66.66666666666666	72.05479452054794	0.075	85.29784537389101	89.25729442970822
0.076	66.66666666666666	72.05479452054794	0.076	85.29784537389101	89.49468085106383
0.077	66.66666666666666	72.15363511659808	0.077	85.29784537389101	89.49468085106383
0.078	66.53992395437263	72.11538461538461	0.078	85.29784537389101	89.49468085106383
0.079	66.53992395437263	72.31404958677686	0.079	85.29784537389101	89.61384820239681
0.08	66.53992395437263	72.31404958677686	0.08	85.29784537389101	89.61384820239681
0.081	66.53992395437263	72.31404958677686	0.081	85.29784537389101	89.61384820239681
0.082	66.53992395437263	72.31404958677686	0.082	85.29784537389101	89.61384820239681
0.083	66.41318124207858	72.37569060773481	0.083	85.29784537389101	89.61384820239681
0.084	66.41318124207858	72.37569060773481	0.084	85.29784537389101	89.61384820239681
0.085	66.41318124207858	72.37569060773481	0.085	85.29784537389101	89.61384820239681
0.086	66.41318124207858	72.47579529737206	0.086	85.29784537389101	89.73333333333333
0.087	66.41318124207858	72.47579529737206	0.087	85.17110266159695	89.7196261682243
0.088	66.41318124207858	72.57617728531855	0.088	85.17110266159695	89.7196261682243
0.089	66.41318124207858	72.57617728531855	0.089	85.17110266159695	89.7196261682243
0.09	66.41318124207858	72.57617728531855	0.09	85.17110266159695	89.83957219251337
0.091	66.41318124207858	72.77777777777777	0.091	85.17110266159695	89.83957219251337
0.092	66.41318124207858	72.77777777777777	0.092	85.17110266159695	89.83957219251337
0.093	66.41318124207858	72.87899860917942	0.093	85.17110266159695	89.95983935742971
0.094	66.41318124207858	72.87899860917942	0.094	85.17110266159695	90.0804289544236
0.095	66.41318124207858	72.87899860917942	0.095	85.17110266159695	90.0804289544236
0.096	66.41318124207858	72.87899860917942	0.096	85.17110266159695	90.2013422818792
0.097	66.28643852978455	72.84122562674095	0.097	85.17110266159695	90.2013422818792
0.098	66.28643852978455	72.94281729428172	0.098	85.17110266159695	90.2013422818792
0.099	66.28643852978455	72.94281729428172	0.099	85.17110266159695	90.2013422818792
0.1	66.28643852978455	73.04469273743017	0.1	85.17110266159695	90.2013422818792
0.101	66.28643852978455	73.04469273743017	0.101	85.17110266159695	90.2013422818792
0.102	66.28643852978455	73.14685314685315	0.102	85.17110266159695	90.2013422818792
0.103	66.28643852978455	73.14685314685315	0.103	85.04435994930292	90.18817204301077
0.104	66.15969581749049	73.21178120617111	0.104	85.04435994930292	90.18817204301077
0.105	66.15969581749049	73.21178120617111	0.105	85.04435994930292	90.18817204301077
0.106	66.03295310519644	73.27707454289732	0.106	85.04435994930292	90.18817204301077
0.107	66.03295310519644	73.27707454289732	0.107	85.04435994930292	90.18817204301077
0.108	65.90621039290241	73.34273624823695	0.108	85.04435994930292	90.30955585464334
0.109	65.90621039290241	73.44632768361582	0.109	85.04435994930292	90.30955585464334
0.11	65.77946768060836	73.4087694483734	0.11	85.04435994930292	90.30955585464334
0.111	65.65272496831433	73.37110481586402	0.111	84.91761723700887	90.41835357624832
0.112	65.65272496831433	73.37110481586402	0.112	84.91761723700887	90.54054054054052
0.113	65.65272496831433	73.37110481586402	0.113	84.91761723700887	90.54054054054052
0.114	65.65272496831433	73.37110481586402	0.114	84.91761723700887	90.66305818673884
0.115	65.65272496831433	73.37110481586402	0.115	84.91761723700887	90.66305818673884
0.116	65.52598225602027	73.33333333333333	0.116	84.91761723700887	90.66305818673884
0.117	65.52598225602027	73.33333333333333	0.117	84.79087452471484	90.65040650406505
0.118	65.52598225602027	73.4375	0.118	84.79087452471484	90.65040650406505
0.119	65.39923954372624	73.39971550497866	0.119	84.79087452471484	90.77340569877884
0.12	65.27249683143219	73.36182336182337	0.12	84.79087452471484	90.77340569877884
0.121	65.27249683143219	73.36182336182337	0.121	84.79087452471484	90.77340569877884
0.122	65.27249683143219	73.46647646219687	0.122	84.79087452471484	90.77340569877884
0.123	65.27249683143219	73.46647646219687	0.123	84.79087452471484	90.77340569877884
0.124	65.14575411913816	73.42857142857143	0.124	84.79087452471484	90.77340569877884
0.125	65.14575411913816	73.42857142857143	0.125	84.79087452471484	90.77340569877884
0.126	65.0190114068441	73.49570200573066	0.126	84.79087452471484	90.77340569877884
0.127	65.0190114068441	73.60114777618364	0.127	84.79087452471484	90.77340569877884
0.128	65.0190114068441	73.70689655172413	0.128	84.79087452471484	90.77340569877884
0.129	65.0190114068441	73.9193083573487	0.129	84.53738910012675	90.74829931972788
0.13	65.0190114068441	73.9193083573487	0.13	84.53738910012675	90.74829931972788
0.131	65.0190114068441	73.9193083573487	0.131	84.53738910012675	90.74829931972788
0.132	65.0190114068441	74.02597402597402	0.132	84.53738910012675	90.74829931972788
0.133	65.0190114068441	74.02597402597402	0.133	84.53738910012675	90.74829931972788
0.134	65.0190114068441	74.02597402597402	0.134	84.53738910012675	90.87193460490464
0.135	65.0190114068441	74.02597402597402	0.135	84.53738910012675	90.87193460490464
0.136	65.0190114068441	74.13294797687861	0.136	84.53738910012675	90.87193460490464
0.137	64.89226869455005	74.09551374819102	0.137	84.4106463878327	90.85948158253753
0.138	64.89226869455005	74.09551374819102	0.138	84.4106463878327	90.85948158253753
0.139	64.89226869455005	74.09551374819102	0.139	84.4106463878327	90.85948158253753
0.14	64.89226869455005	74.09551374819102	0.14	84.4106463878327	90.85948158253753
0.141	64.89226869455005	74.31059506531204	0.141	84.4106463878327	90.85948158253753
0.142	64.89226869455005	74.31059506531204	0.142	84.4106463878327	90.85948158253753
0.143	64.76552598225602	74.38136826783115	0.143	84.4106463878327	90.85948158253753
0.144	64.76552598225602	74.38136826783115	0.144	84.4106463878327	90.85948158253753
0.145	64.76552598225602	74.38136826783115	0.145	84.4106463878327	90.85948158253753
0.146	64.76552598225602	74.38136826783115	0.146	84.4106463878327	90.85948158253753
0.147	64.76552598225602	74.38136826783115	0.147	84.4106463878327	90.85948158253753
0.148	64.76552598225602	74.48979591836735	0.148	84.4106463878327	90.85948158253753
0.149	64.76552598225602	74.59854014598541	0.149	84.4106463878327	90.85948158253753
0.15	64.76552598225602	74.70760233918129	0.15	84.4106463878327	90.85948158253753
0.151	64.76552598225602	74.70760233918129	0.151	84.4106463878327	90.85948158253753
0.152	64.76552598225602	74.70760233918129	0.152	84.28390367553865	90.84699453551912
0.153	64.76552598225602	74.81698389458272	0.153	84.15716096324462	90.8344733242134
0.154	64.76552598225602	74.9266862170088	0.154	84.15716096324462	90.8344733242134
0.155	64.63878326996198	74.8898678414097	0.155	84.15716096324462	90.8344733242134
0.156	64.63878326996198	74.8898678414097	0.156	84.15716096324462	90.8344733242134
0.157	64.63878326996198	74.8898678414097	0.157	84.15716096324462	90.8344733242134
0.158	64.63878326996198	74.8898678414097	0.158	84.03041825095056	90.82191780821918
0.159	64.63878326996198	74.8898678414097	0.159	84.03041825095056	90.82191780821918
0.16	64.63878326996198	74.8898678414097	0.16	84.03041825095056	90.82191780821918
0.161	64.63878326996198	74.8898678414097	0.161	84.03041825095056	90.94650205761316
0.162	64.63878326996198	74.8898678414097	0.162	84.03041825095056	90.94650205761316
0.163	64.63878326996198	74.8898678414097	0.163	84.03041825095056	91.19669876203577
0.164	64.63878326996198	75.0	0.164	84.03041825095056	91.19669876203577
0.165	64.63878326996198	75.0	0.165	83.90367553865653	91.18457300275482
0.166	64.63878326996198	75.0	0.166	83.90367553865653	91.18457300275482
0.167	64.63878326996198	75.11045655375553	0.167	83.90367553865653	91.3103448275862
0.168	64.63878326996198	75.11045655375553	0.168	83.90367553865653	91.3103448275862
0.169	64.63878326996198	75.11045655375553	0.169	83.90367553865653	91.3103448275862
0.17	64.63878326996198	75.11045655375553	0.17	83.90367553865653	91.3103448275862
0.171	64.63878326996198	75.11045655375553	0.171	83.77693282636248	91.29834254143644
0.172	64.51204055766794	75.07374631268436	0.172	83.77693282636248	91.29834254143644
0.173	64.51204055766794	75.07374631268436	0.173	83.77693282636248	91.29834254143644
0.174	64.51204055766794	75.07374631268436	0.174	83.77693282636248	91.29834254143644
0.175	64.51204055766794	75.07374631268436	0.175	83.77693282636248	91.29834254143644
0.176	64.51204055766794	75.07374631268436	0.176	83.77693282636248	91.29834254143644
0.177	64.51204055766794	75.18463810930575	0.177	83.77693282636248	91.42461964038728
0.178	64.51204055766794	75.18463810930575	0.178	83.77693282636248	91.55124653739612
0.179	64.51204055766794	75.18463810930575	0.179	83.77693282636248	91.55124653739612
0.18	64.38529784537388	75.25925925925925	0.18	83.77693282636248	91.55124653739612
0.181	64.25855513307985	75.22255192878339	0.181	83.77693282636248	91.55124653739612
0.182	64.25855513307985	75.22255192878339	0.182	83.77693282636248	91.55124653739612
0.183	64.25855513307985	75.33432392273403	0.183	83.77693282636248	91.55124653739612
0.184	64.25855513307985	75.44642857142857	0.184	83.77693282636248	91.55124653739612
0.185	64.25855513307985	75.55886736214606	0.185	83.77693282636248	91.55124653739612
0.186	64.25855513307985	75.67164179104478	0.186	83.77693282636248	91.55124653739612
0.187	64.25855513307985	75.67164179104478	0.187	83.77693282636248	91.55124653739612
0.188	64.25855513307985	75.7847533632287	0.188	83.77693282636248	91.55124653739612
0.189	64.25855513307985	75.7847533632287	0.189	83.77693282636248	91.55124653739612
0.19	64.25855513307985	75.7847533632287	0.19	83.77693282636248	91.55124653739612
0.191	64.1318124207858	75.74850299401199	0.191	83.77693282636248	91.55124653739612
0.192	64.1318124207858	75.74850299401199	0.192	83.77693282636248	91.55124653739612
0.193	64.1318124207858	75.74850299401199	0.193	83.77693282636248	91.55124653739612
0.194	64.1318124207858	75.74850299401199	0.194	83.77693282636248	91.55124653739612
0.195	64.1318124207858	75.74850299401199	0.195	83.77693282636248	91.55124653739612
0.196	64.1318124207858	75.74850299401199	0.196	83.77693282636248	91.55124653739612
0.197	64.1318124207858	75.74850299401199	0.197	83.77693282636248	91.55124653739612
0.198	64.1318124207858	75.74850299401199	0.198	83.77693282636248	91.55124653739612
0.199	64.1318124207858	75.74850299401199	0.199	83.77693282636248	91.55124653739612
0.2	64.1318124207858	75.86206896551724	0.2	83.77693282636248	91.55124653739612
0.201	64.1318124207858	75.97597597597597	0.201	83.77693282636248	91.55124653739612
0.202	64.1318124207858	75.97597597597597	0.202	83.77693282636248	91.67822468793344
0.203	64.00506970849176	75.93984962406014	0.203	83.77693282636248	91.67822468793344
0.204	63.87832699619772	76.01809954751131	0.204	83.77693282636248	91.67822468793344
0.205	63.87832699619772	76.01809954751131	0.205	83.77693282636248	91.67822468793344
0.206	63.87832699619772	76.01809954751131	0.206	83.77693282636248	91.67822468793344
0.207	63.87832699619772	76.01809954751131	0.207	83.77693282636248	91.67822468793344
0.208	63.87832699619772	76.01809954751131	0.208	83.77693282636248	91.67822468793344
0.209	63.87832699619772	76.01809954751131	0.209	83.77693282636248	91.67822468793344
0.21	63.87832699619772	76.13293051359517	0.21	83.77693282636248	91.67822468793344
0.211	63.87832699619772	76.13293051359517	0.211	83.77693282636248	91.67822468793344
0.212	63.87832699619772	76.13293051359517	0.212	83.77693282636248	91.67822468793344
0.213	63.87832699619772	76.2481089258699	0.213	83.77693282636248	91.80555555555556
0.214	63.87832699619772	76.2481089258699	0.214	83.77693282636248	91.80555555555556
0.215	63.87832699619772	76.2481089258699	0.215	83.77693282636248	91.93324061196104
0.216	63.87832699619772	76.2481089258699	0.216	83.77693282636248	91.93324061196104
0.217	63.87832699619772	76.2481089258699	0.217	83.77693282636248	92.06128133704736
0.218	63.75158428390368	76.2121212121212	0.218	83.77693282636248	92.06128133704736
0.219	63.49809885931559	76.13981762917933	0.219	83.77693282636248	92.06128133704736
0.22	63.49809885931559	76.13981762917933	0.22	83.77693282636248	92.06128133704736
0.221	63.49809885931559	76.4885496183206	0.221	83.77693282636248	92.06128133704736
0.222	63.49809885931559	76.4885496183206	0.222	83.77693282636248	92.06128133704736
0.223	63.49809885931559	76.4885496183206	0.223	83.77693282636248	92.06128133704736
0.224	63.49809885931559	76.60550458715596	0.224	83.77693282636248	92.06128133704736
0.225	63.49809885931559	76.72281776416538	0.225	83.77693282636248	92.06128133704736
0.226	63.49809885931559	76.72281776416538	0.226	83.77693282636248	92.06128133704736
0.227	63.49809885931559	76.72281776416538	0.227	83.77693282636248	92.06128133704736
0.228	63.49809885931559	76.72281776416538	0.228	83.77693282636248	92.06128133704736
0.229	63.49809885931559	76.72281776416538	0.229	83.77693282636248	92.18967921896792
0.23	63.49809885931559	76.72281776416538	0.23	83.77693282636248	92.18967921896792
0.231	63.49809885931559	76.72281776416538	0.231	83.77693282636248	92.18967921896792
0.232	63.49809885931559	76.72281776416538	0.232	83.77693282636248	92.18967921896792
0.233	63.49809885931559	76.72281776416538	0.233	83.77693282636248	92.18967921896792
0.234	63.49809885931559	76.72281776416538	0.234	83.77693282636248	92.18967921896792
0.235	63.49809885931559	76.72281776416538	0.235	83.77693282636248	92.18967921896792
0.236	63.49809885931559	76.72281776416538	0.236	83.77693282636248	92.18967921896792
0.237	63.37135614702155	76.68711656441718	0.237	83.77693282636248	92.18967921896792
0.238	63.37135614702155	76.80491551459293	0.238	83.77693282636248	92.18967921896792
0.239	63.37135614702155	76.80491551459293	0.239	83.77693282636248	92.18967921896792
0.24	63.37135614702155	76.92307692307693	0.24	83.77693282636248	92.18967921896792
0.241	63.37135614702155	76.92307692307693	0.241	83.77693282636248	92.18967921896792
0.242	63.37135614702155	76.92307692307693	0.242	83.77693282636248	92.18967921896792
0.243	63.37135614702155	76.92307692307693	0.243	83.77693282636248	92.18967921896792
0.244	63.37135614702155	76.92307692307693	0.244	83.77693282636248	92.18967921896792
0.245	63.37135614702155	76.92307692307693	0.245	83.77693282636248	92.18967921896792
0.246	63.37135614702155	76.92307692307693	0.246	83.77693282636248	92.18967921896792
0.247	63.37135614702155	77.04160246533128	0.247	83.77693282636248	92.18967921896792
0.248	63.37135614702155	77.04160246533128	0.248	83.77693282636248	92.18967921896792
0.249	63.37135614702155	77.04160246533128	0.249	83.77693282636248	92.18967921896792
0.25	63.37135614702155	77.1604938271605	0.25	83.77693282636248	92.18967921896792
0.251	63.37135614702155	77.1604938271605	0.251	83.77693282636248	92.31843575418996
0.252	63.37135614702155	77.27975270479135	0.252	83.77693282636248	92.31843575418996
0.253	63.37135614702155	77.27975270479135	0.253	83.77693282636248	92.31843575418996
0.254	63.37135614702155	77.39938080495357	0.254	83.77693282636248	92.31843575418996
0.255	63.37135614702155	77.51937984496125	0.255	83.77693282636248	92.31843575418996
0.256	63.37135614702155	77.51937984496125	0.256	83.77693282636248	92.31843575418996
0.257	63.37135614702155	77.51937984496125	0.257	83.77693282636248	92.31843575418996
0.258	63.37135614702155	77.51937984496125	0.258	83.77693282636248	92.31843575418996
0.259	63.37135614702155	77.51937984496125	0.259	83.77693282636248	92.31843575418996
0.26	63.37135614702155	77.51937984496125	0.26	83.77693282636248	92.31843575418996
0.261	63.24461343472751	77.48447204968944	0.261	83.77693282636248	92.31843575418996
0.262	63.24461343472751	77.48447204968944	0.262	83.77693282636248	92.44755244755244
0.263	63.11787072243346	77.44945567651634	0.263	83.77693282636248	92.44755244755244
0.264	62.99112801013942	77.41433021806854	0.264	83.65019011406845	92.43697478991596
0.265	62.99112801013942	77.53510140405616	0.265	83.5234474017744	92.42636746143056
0.266	62.99112801013942	77.53510140405616	0.266	83.5234474017744	92.42636746143056
0.267	62.99112801013942	77.53510140405616	0.267	83.5234474017744	92.42636746143056
0.268	62.99112801013942	77.53510140405616	0.268	83.5234474017744	92.42636746143056
0.269	62.99112801013942	77.53510140405616	0.269	83.5234474017744	92.42636746143056
0.27	62.99112801013942	77.53510140405616	0.27	83.5234474017744	92.42636746143056
0.271	62.99112801013942	77.53510140405616	0.271	83.5234474017744	92.42636746143056
0.272	62.99112801013942	77.53510140405616	0.272	83.5234474017744	92.42636746143056
0.273	62.99112801013942	77.65625	0.273	83.5234474017744	92.42636746143056
0.274	62.99112801013942	77.65625	0.274	83.5234474017744	92.42636746143056
0.275	62.99112801013942	77.77777777777779	0.275	83.5234474017744	92.42636746143056
0.276	62.99112801013942	77.77777777777779	0.276	83.5234474017744	92.42636746143056
0.277	62.99112801013942	77.89968652037618	0.277	83.39670468948034	92.41573033707866
0.278	62.99112801013942	77.89968652037618	0.278	83.39670468948034	92.41573033707866
0.279	62.99112801013942	77.89968652037618	0.279	83.39670468948034	92.41573033707866
0.28	62.99112801013942	77.89968652037618	0.28	83.39670468948034	92.41573033707866
0.281	62.864385297845374	77.9874213836478	0.281	83.39670468948034	92.41573033707866
0.282	62.864385297845374	77.9874213836478	0.282	83.39670468948034	92.41573033707866
0.283	62.737642585551335	77.95275590551181	0.283	83.39670468948034	92.41573033707866
0.284	62.737642585551335	77.95275590551181	0.284	83.39670468948034	92.41573033707866
0.285	62.737642585551335	77.95275590551181	0.285	83.39670468948034	92.41573033707866
0.286	62.737642585551335	77.95275590551181	0.286	83.39670468948034	92.41573033707866
0.287	62.737642585551335	78.07570977917982	0.287	83.39670468948034	92.41573033707866
0.288	62.737642585551335	78.07570977917982	0.288	83.39670468948034	92.41573033707866
0.289	62.737642585551335	78.07570977917982	0.289	83.39670468948034	92.41573033707866
0.29	62.737642585551335	78.07570977917982	0.29	83.39670468948034	92.41573033707866
0.291	62.737642585551335	78.07570977917982	0.291	83.39670468948034	92.41573033707866
0.292	62.737642585551335	78.07570977917982	0.292	83.39670468948034	92.41573033707866
0.293	62.737642585551335	78.07570977917982	0.293	83.39670468948034	92.41573033707866
0.294	62.737642585551335	78.07570977917982	0.294	83.39670468948034	92.41573033707866
0.295	62.737642585551335	78.07570977917982	0.295	83.39670468948034	92.41573033707866
0.296	62.737642585551335	78.07570977917982	0.296	83.39670468948034	92.41573033707866
0.297	62.737642585551335	78.19905213270142	0.297	83.39670468948034	92.41573033707866
0.298	62.737642585551335	78.19905213270142	0.298	83.39670468948034	92.41573033707866
0.299	62.737642585551335	78.19905213270142	0.299	83.39670468948034	92.41573033707866
0.3	62.737642585551335	78.19905213270142	0.3	83.39670468948034	92.41573033707866
0.301	62.737642585551335	78.19905213270142	0.301	83.39670468948034	92.41573033707866
0.302	62.737642585551335	78.19905213270142	0.302	83.39670468948034	92.41573033707866
0.303	62.737642585551335	78.19905213270142	0.303	83.39670468948034	92.41573033707866
0.304	62.737642585551335	78.19905213270142	0.304	83.39670468948034	92.41573033707866
0.305	62.737642585551335	78.19905213270142	0.305	83.39670468948034	92.54571026722924
0.306	62.737642585551335	78.19905213270142	0.306	83.39670468948034	92.54571026722924
0.307	62.61089987325729	78.16455696202532	0.307	83.39670468948034	92.54571026722924
0.308	62.61089987325729	78.16455696202532	0.308	83.39670468948034	92.67605633802816
0.309	62.61089987325729	78.16455696202532	0.309	83.39670468948034	92.67605633802816
0.31	62.61089987325729	78.16455696202532	0.31	83.39670468948034	92.67605633802816
0.311	62.61089987325729	78.16455696202532	0.311	83.39670468948034	92.67605633802816
0.312	62.61089987325729	78.28843106180665	0.312	83.39670468948034	92.67605633802816
0.313	62.61089987325729	78.28843106180665	0.313	83.39670468948034	92.67605633802816
0.314	62.48415716096325	78.25396825396825	0.314	83.26996197718631	92.6657263751763
0.315	62.48415716096325	78.25396825396825	0.315	83.26996197718631	92.6657263751763
0.316	62.48415716096325	78.25396825396825	0.316	83.26996197718631	92.6657263751763
0.317	62.48415716096325	78.25396825396825	0.317	83.26996197718631	92.6657263751763
0.318	62.48415716096325	78.25396825396825	0.318	83.26996197718631	92.6657263751763
0.319	62.48415716096325	78.25396825396825	0.319	83.26996197718631	92.6657263751763
0.32	62.48415716096325	78.37837837837837	0.32	83.26996197718631	92.6657263751763
0.321	62.48415716096325	78.37837837837837	0.321	83.26996197718631	92.6657263751763
0.322	62.48415716096325	78.37837837837837	0.322	83.26996197718631	92.6657263751763
0.323	62.48415716096325	78.37837837837837	0.323	83.26996197718631	92.6657263751763
0.324	62.48415716096325	78.5031847133758	0.324	83.26996197718631	92.6657263751763
0.325	62.48415716096325	78.5031847133758	0.325	83.26996197718631	92.6657263751763
0.326	62.48415716096325	78.5031847133758	0.326	83.26996197718631	92.6657263751763
0.327	62.48415716096325	78.5031847133758	0.327	83.26996197718631	92.6657263751763
0.328	62.48415716096325	78.5031847133758	0.328	83.26996197718631	92.6657263751763
0.329	62.48415716096325	78.5031847133758	0.329	83.26996197718631	92.6657263751763
0.33	62.48415716096325	78.5031847133758	0.33	83.26996197718631	92.6657263751763
0.331	62.48415716096325	78.5031847133758	0.331	83.14321926489227	92.7864214992928
0.332	62.48415716096325	78.5031847133758	0.332	83.14321926489227	92.7864214992928
0.333	62.48415716096325	78.5031847133758	0.333	83.14321926489227	92.7864214992928
0.334	62.48415716096325	78.5031847133758	0.334	83.14321926489227	92.7864214992928
0.335	62.48415716096325	78.5031847133758	0.335	83.14321926489227	92.7864214992928
0.336	62.3574144486692	78.4688995215311	0.336	83.14321926489227	92.7864214992928
0.337	62.3574144486692	78.4688995215311	0.337	83.14321926489227	92.7864214992928
0.338	62.3574144486692	78.59424920127796	0.338	83.01647655259823	92.77620396600568
0.339	62.3574144486692	78.59424920127796	0.339	83.01647655259823	92.77620396600568
0.34	62.3574144486692	78.72	0.34	83.01647655259823	92.77620396600568
0.341	62.3574144486692	78.72	0.341	83.01647655259823	92.90780141843972
0.342	62.3574144486692	78.72	0.342	83.01647655259823	92.90780141843972
0.343	62.3574144486692	78.72	0.343	83.01647655259823	92.90780141843972
0.344	62.3574144486692	78.72	0.344	82.88973384030417	92.89772727272728
0.345	62.3574144486692	78.84615384615384	0.345	82.88973384030417	92.89772727272728
0.346	62.23067173637516	78.81219903691814	0.346	82.88973384030417	92.89772727272728
0.347	62.23067173637516	78.93890675241157	0.347	82.88973384030417	92.89772727272728
0.348	62.23067173637516	78.93890675241157	0.348	82.88973384030417	92.89772727272728
0.349	62.23067173637516	78.93890675241157	0.349	82.88973384030417	92.89772727272728
0.35	62.23067173637516	79.19354838709678	0.35	82.88973384030417	92.89772727272728
0.351	62.23067173637516	79.19354838709678	0.351	82.88973384030417	92.89772727272728
0.352	62.23067173637516	79.19354838709678	0.352	82.88973384030417	92.89772727272728
0.353	62.10392902408112	79.15993537964458	0.353	82.88973384030417	92.89772727272728
0.354	62.10392902408112	79.15993537964458	0.354	82.88973384030417	92.89772727272728
0.355	62.10392902408112	79.15993537964458	0.355	82.88973384030417	92.89772727272728
0.356	62.10392902408112	79.15993537964458	0.356	82.88973384030417	92.89772727272728
0.357	62.10392902408112	79.15993537964458	0.357	82.88973384030417	92.89772727272728
0.358	62.10392902408112	79.15993537964458	0.358	82.88973384030417	92.89772727272728
0.359	61.97718631178707	79.12621359223301	0.359	82.88973384030417	92.89772727272728
0.36	61.97718631178707	79.12621359223301	0.36	82.88973384030417	92.89772727272728
0.361	61.97718631178707	79.12621359223301	0.361	82.88973384030417	92.89772727272728
0.362	61.97718631178707	79.2544570502431	0.362	82.76299112801014	92.88762446657184
0.363	61.97718631178707	79.2544570502431	0.363	82.76299112801014	93.019943019943
0.364	61.97718631178707	79.2544570502431	0.364	82.76299112801014	93.019943019943
0.365	61.97718631178707	79.2544570502431	0.365	82.76299112801014	93.019943019943
0.366	61.97718631178707	79.2544570502431	0.366	82.6362484157161	93.00998573466477
0.367	61.97718631178707	79.2544570502431	0.367	82.6362484157161	93.00998573466477
0.368	61.97718631178707	79.2544570502431	0.368	82.6362484157161	93.00998573466477
0.369	61.97718631178707	79.38311688311688	0.369	82.6362484157161	93.00998573466477
0.37	61.97718631178707	79.51219512195122	0.37	82.6362484157161	93.00998573466477
0.371	61.97718631178707	79.51219512195122	0.371	82.6362484157161	93.00998573466477
0.372	61.97718631178707	79.51219512195122	0.372	82.6362484157161	93.00998573466477
0.373	61.97718631178707	79.51219512195122	0.373	82.6362484157161	93.00998573466477
0.374	61.97718631178707	79.51219512195122	0.374	82.6362484157161	93.00998573466477
0.375	61.97718631178707	79.51219512195122	0.375	82.382762991128	92.98998569384835
0.376	61.97718631178707	79.51219512195122	0.376	82.382762991128	92.98998569384835
0.377	61.97718631178707	79.51219512195122	0.377	82.382762991128	92.98998569384835
0.378	61.97718631178707	79.51219512195122	0.378	82.382762991128	92.98998569384835
0.379	61.85044359949303	79.47882736156352	0.379	82.382762991128	92.98998569384835
0.38	61.85044359949303	79.47882736156352	0.38	82.382762991128	92.98998569384835
0.381	61.85044359949303	79.6084828711256	0.381	82.382762991128	92.98998569384835
0.382	61.85044359949303	79.6084828711256	0.382	82.382762991128	92.98998569384835
0.383	61.85044359949303	79.6084828711256	0.383	82.382762991128	92.98998569384835
0.384	61.85044359949303	79.6084828711256	0.384	82.382762991128	92.98998569384835
0.385	61.72370088719899	79.57516339869281	0.385	82.382762991128	92.98998569384835
0.386	61.72370088719899	79.57516339869281	0.386	82.382762991128	93.12320916905443
0.387	61.72370088719899	79.57516339869281	0.387	82.382762991128	93.12320916905443
0.388	61.72370088719899	79.70540098199672	0.388	82.382762991128	93.12320916905443
0.389	61.72370088719899	79.70540098199672	0.389	82.382762991128	93.12320916905443
0.39	61.72370088719899	79.83606557377048	0.39	82.382762991128	93.12320916905443
0.391	61.72370088719899	79.83606557377048	0.391	82.382762991128	93.12320916905443
0.392	61.59695817490495	79.80295566502463	0.392	82.382762991128	93.12320916905443
0.393	61.59695817490495	79.80295566502463	0.393	82.25602027883396	93.11334289813486
0.394	61.59695817490495	79.80295566502463	0.394	82.25602027883396	93.11334289813486
0.395	61.59695817490495	79.80295566502463	0.395	82.25602027883396	93.11334289813486
0.396	61.59695817490495	79.80295566502463	0.396	82.25602027883396	93.11334289813486
0.397	61.59695817490495	79.80295566502463	0.397	82.25602027883396	93.11334289813486
0.398	61.59695817490495	79.80295566502463	0.398	82.25602027883396	93.11334289813486
0.399	61.59695817490495	79.80295566502463	0.399	82.25602027883396	93.11334289813486
0.4	61.59695817490495	80.0658978583196	0.4	82.25602027883396	93.11334289813486
0.401	61.59695817490495	80.0658978583196	0.401	82.25602027883396	93.11334289813486
0.402	61.59695817490495	80.0658978583196	0.402	82.25602027883396	93.11334289813486
0.403	61.59695817490495	80.0658978583196	0.403	82.12927756653993	93.10344827586206
0.404	61.59695817490495	80.0658978583196	0.404	82.12927756653993	93.10344827586206
0.405	61.59695817490495	80.0658978583196	0.405	82.12927756653993	93.10344827586206
0.406	61.59695817490495	80.0658978583196	0.406	82.12927756653993	93.10344827586206
0.407	61.59695817490495	80.0658978583196	0.407	82.12927756653993	93.10344827586206
0.408	61.59695817490495	80.0658978583196	0.408	82.12927756653993	93.10344827586206
0.409	61.59695817490495	80.0658978583196	0.409	82.12927756653993	93.10344827586206
0.41	61.59695817490495	80.0658978583196	0.41	82.12927756653993	93.10344827586206
0.411	61.59695817490495	80.0658978583196	0.411	82.12927756653993	93.10344827586206
0.412	61.59695817490495	80.0658978583196	0.412	82.12927756653993	93.10344827586206
0.413	61.34347275031685	80.0	0.413	82.12927756653993	93.10344827586206
0.414	61.34347275031685	80.0	0.414	82.12927756653993	93.10344827586206
0.415	61.34347275031685	80.0	0.415	82.12927756653993	93.10344827586206
0.416	61.34347275031685	80.0	0.416	82.12927756653993	93.10344827586206
0.417	61.34347275031685	80.0	0.417	82.12927756653993	93.10344827586206
0.418	61.34347275031685	80.13245033112582	0.418	82.00253485424588	93.09352517985612
0.419	61.34347275031685	80.13245033112582	0.419	82.00253485424588	93.09352517985612
0.42	61.34347275031685	80.13245033112582	0.42	82.00253485424588	93.09352517985612
0.421	61.21673003802282	80.09950248756219	0.421	82.00253485424588	93.09352517985612
0.422	61.21673003802282	80.09950248756219	0.422	82.00253485424588	93.09352517985612
0.423	61.21673003802282	80.09950248756219	0.423	82.00253485424588	93.09352517985612
0.424	61.21673003802282	80.09950248756219	0.424	81.87579214195185	93.0835734870317
0.425	61.21673003802282	80.09950248756219	0.425	81.87579214195185	93.0835734870317
0.426	61.08998732572877	80.06644518272425	0.426	81.87579214195185	93.0835734870317
0.427	60.836501901140686	80.0	0.427	81.87579214195185	93.21789321789322
0.428	60.836501901140686	80.0	0.428	81.87579214195185	93.21789321789322
0.429	60.836501901140686	80.0	0.429	81.87579214195185	93.21789321789322
0.43	60.70975918884665	79.96661101836395	0.43	81.87579214195185	93.21789321789322
0.431	60.70975918884665	79.96661101836395	0.431	81.87579214195185	93.35260115606935
0.432	60.70975918884665	79.96661101836395	0.432	81.87579214195185	93.35260115606935
0.433	60.70975918884665	79.96661101836395	0.433	81.87579214195185	93.35260115606935
0.434	60.70975918884665	79.96661101836395	0.434	81.87579214195185	93.35260115606935
0.435	60.70975918884665	79.96661101836395	0.435	81.87579214195185	93.35260115606935
0.436	60.5830164765526	80.06700167504187	0.436	81.87579214195185	93.35260115606935
0.437	60.5830164765526	80.06700167504187	0.437	81.87579214195185	93.35260115606935
0.438	60.45627376425855	80.03355704697987	0.438	81.87579214195185	93.35260115606935
0.439	60.32953105196452	80.0	0.439	81.87579214195185	93.35260115606935
0.44	60.32953105196452	80.0	0.44	81.87579214195185	93.35260115606935
0.441	60.32953105196452	80.0	0.441	81.87579214195185	93.35260115606935
0.442	60.20278833967046	79.96632996632997	0.442	81.87579214195185	93.35260115606935
0.443	60.20278833967046	80.23648648648648	0.443	81.87579214195185	93.35260115606935
0.444	60.20278833967046	80.37225042301185	0.444	81.87579214195185	93.35260115606935
0.445	60.20278833967046	80.37225042301185	0.445	81.87579214195185	93.35260115606935
0.446	60.20278833967046	80.37225042301185	0.446	81.87579214195185	93.35260115606935
0.447	60.20278833967046	80.37225042301185	0.447	81.87579214195185	93.35260115606935
0.448	60.20278833967046	80.37225042301185	0.448	81.87579214195185	93.35260115606935
0.449	60.20278833967046	80.37225042301185	0.449	81.87579214195185	93.6231884057971
0.45	60.20278833967046	80.37225042301185	0.45	81.87579214195185	93.6231884057971
0.451	60.20278833967046	80.37225042301185	0.451	81.87579214195185	93.6231884057971
0.452	60.20278833967046	80.37225042301185	0.452	81.87579214195185	93.6231884057971
0.453	60.20278833967046	80.37225042301185	0.453	81.87579214195185	93.6231884057971
0.454	60.20278833967046	80.37225042301185	0.454	81.87579214195185	93.6231884057971
0.455	60.20278833967046	80.50847457627118	0.455	81.87579214195185	93.6231884057971
0.456	59.949302915082384	80.4421768707483	0.456	81.87579214195185	93.6231884057971
0.457	59.949302915082384	80.4421768707483	0.457	81.87579214195185	93.6231884057971
0.458	59.949302915082384	80.4421768707483	0.458	81.87579214195185	93.6231884057971
0.459	59.949302915082384	80.4421768707483	0.459	81.87579214195185	93.6231884057971
0.46	59.949302915082384	80.4421768707483	0.46	81.87579214195185	93.6231884057971
0.461	59.949302915082384	80.4421768707483	0.461	81.87579214195185	93.6231884057971
0.462	59.949302915082384	80.4421768707483	0.462	81.87579214195185	93.6231884057971
0.463	59.949302915082384	80.57921635434411	0.463	81.87579214195185	93.6231884057971
0.464	59.822560202788345	80.54607508532423	0.464	81.87579214195185	93.6231884057971
0.465	59.822560202788345	80.54607508532423	0.465	81.87579214195185	93.6231884057971
0.466	59.822560202788345	80.54607508532423	0.466	81.87579214195185	93.6231884057971
0.467	59.822560202788345	80.54607508532423	0.467	81.87579214195185	93.6231884057971
0.468	59.822560202788345	80.54607508532423	0.468	81.87579214195185	93.6231884057971
0.469	59.822560202788345	80.54607508532423	0.469	81.87579214195185	93.8953488372093
0.47	59.822560202788345	80.54607508532423	0.47	81.87579214195185	93.8953488372093
0.471	59.822560202788345	80.54607508532423	0.471	81.87579214195185	93.8953488372093
0.472	59.822560202788345	80.54607508532423	0.472	81.87579214195185	93.8953488372093
0.473	59.822560202788345	80.54607508532423	0.473	81.87579214195185	93.8953488372093
0.474	59.822560202788345	80.68376068376068	0.474	81.87579214195185	93.8953488372093
0.475	59.822560202788345	80.68376068376068	0.475	81.87579214195185	93.8953488372093
0.476	59.822560202788345	80.68376068376068	0.476	81.87579214195185	93.8953488372093
0.477	59.6958174904943	80.65068493150685	0.477	81.87579214195185	94.03202328966522
0.478	59.6958174904943	80.65068493150685	0.478	81.87579214195185	94.03202328966522
0.479	59.6958174904943	80.65068493150685	0.479	81.87579214195185	94.03202328966522
0.48	59.6958174904943	80.65068493150685	0.48	81.87579214195185	94.03202328966522
0.481	59.6958174904943	80.78902229845626	0.481	81.74904942965779	94.02332361516036
0.482	59.6958174904943	80.78902229845626	0.482	81.74904942965779	94.02332361516036
0.483	59.6958174904943	80.78902229845626	0.483	81.74904942965779	94.02332361516036
0.484	59.6958174904943	80.9278350515464	0.484	81.62230671736374	94.01459854014598
0.485	59.6958174904943	80.9278350515464	0.485	81.62230671736374	94.01459854014598
0.486	59.6958174904943	80.9278350515464	0.486	81.62230671736374	94.15204678362574
0.487	59.6958174904943	80.9278350515464	0.487	81.62230671736374	94.15204678362574
0.488	59.6958174904943	80.9278350515464	0.488	81.49556400506971	94.14348462664717
0.489	59.6958174904943	80.9278350515464	0.489	81.49556400506971	94.14348462664717
0.49	59.6958174904943	80.9278350515464	0.49	81.49556400506971	94.28152492668622
0.491	59.6958174904943	80.9278350515464	0.491	81.49556400506971	94.28152492668622
0.492	59.6958174904943	80.9278350515464	0.492	81.49556400506971	94.28152492668622
0.493	59.6958174904943	80.9278350515464	0.493	81.49556400506971	94.28152492668622
0.494	59.6958174904943	80.9278350515464	0.494	81.49556400506971	94.28152492668622
0.495	59.6958174904943	80.9278350515464	0.495	81.49556400506971	94.28152492668622
0.496	59.6958174904943	80.9278350515464	0.496	81.49556400506971	94.28152492668622
0.497	59.6958174904943	80.9278350515464	0.497	81.49556400506971	94.28152492668622
0.498	59.6958174904943	80.9278350515464	0.498	81.49556400506971	94.28152492668622
0.499	59.6958174904943	80.9278350515464	0.499	81.49556400506971	94.28152492668622
0.5	59.44233206590621	80.86206896551724	0.5	81.49556400506971	94.28152492668622
0.501	59.44233206590621	80.86206896551724	0.501	81.49556400506971	94.28152492668622
0.502	59.44233206590621	80.86206896551724	0.502	81.49556400506971	94.28152492668622
0.503	59.44233206590621	81.00172711571675	0.503	81.49556400506971	94.28152492668622
0.504	59.44233206590621	81.00172711571675	0.504	81.49556400506971	94.28152492668622
0.505	59.44233206590621	81.00172711571675	0.505	81.49556400506971	94.28152492668622
0.506	59.31558935361216	80.96885813148789	0.506	81.49556400506971	94.28152492668622
0.507	59.31558935361216	80.96885813148789	0.507	81.49556400506971	94.28152492668622
0.508	59.31558935361216	80.96885813148789	0.508	81.49556400506971	94.28152492668622
0.509	59.31558935361216	80.96885813148789	0.509	81.36882129277566	94.27312775330395
0.51	59.31558935361216	81.10918544194108	0.51	81.36882129277566	94.27312775330395
0.511	59.31558935361216	81.10918544194108	0.511	81.36882129277566	94.27312775330395
0.512	59.31558935361216	81.25	0.512	81.36882129277566	94.27312775330395
0.513	59.31558935361216	81.25	0.513	81.36882129277566	94.27312775330395
0.514	59.18884664131813	81.21739130434783	0.514	81.36882129277566	94.27312775330395
0.515	59.18884664131813	81.21739130434783	0.515	81.36882129277566	94.27312775330395
0.516	59.18884664131813	81.3588850174216	0.516	81.36882129277566	94.27312775330395
0.517	59.18884664131813	81.3588850174216	0.517	81.36882129277566	94.27312775330395
0.518	59.18884664131813	81.3588850174216	0.518	81.36882129277566	94.27312775330395
0.519	59.18884664131813	81.3588850174216	0.519	81.36882129277566	94.27312775330395
0.52	59.18884664131813	81.3588850174216	0.52	81.36882129277566	94.27312775330395
0.521	59.18884664131813	81.3588850174216	0.521	81.36882129277566	94.41176470588236
0.522	59.18884664131813	81.3588850174216	0.522	81.36882129277566	94.41176470588236
0.523	59.18884664131813	81.3588850174216	0.523	81.36882129277566	94.41176470588236
0.524	59.18884664131813	81.50087260034904	0.524	81.36882129277566	94.41176470588236
0.525	59.06210392902408	81.46853146853147	0.525	81.36882129277566	94.41176470588236
0.526	59.06210392902408	81.61120840630473	0.526	81.36882129277566	94.41176470588236
0.527	58.93536121673005	81.57894736842105	0.527	81.36882129277566	94.41176470588236
0.528	58.808618504436	81.54657293497364	0.528	81.24207858048163	94.40353460972015
0.529	58.681875792141945	81.65784832451499	0.529	81.24207858048163	94.40353460972015
0.53	58.681875792141945	81.65784832451499	0.53	81.24207858048163	94.40353460972015
0.531	58.55513307984791	81.62544169611307	0.531	81.11533586818757	94.3952802359882
0.532	58.55513307984791	81.76991150442477	0.532	81.11533586818757	94.3952802359882
0.533	58.55513307984791	81.76991150442477	0.533	80.98859315589354	94.38700147710487
0.534	58.55513307984791	81.76991150442477	0.534	80.98859315589354	94.38700147710487
0.535	58.55513307984791	81.76991150442477	0.535	80.98859315589354	94.38700147710487
0.536	58.55513307984791	81.76991150442477	0.536	80.98859315589354	94.38700147710487
0.537	58.42839036755386	81.73758865248227	0.537	80.98859315589354	94.38700147710487
0.538	58.42839036755386	81.73758865248227	0.538	80.98859315589354	94.38700147710487
0.539	58.30164765525983	81.70515097690941	0.539	80.98859315589354	94.38700147710487
0.54	58.30164765525983	81.70515097690941	0.54	80.98859315589354	94.38700147710487
0.541	58.30164765525983	81.85053380782918	0.541	80.98859315589354	94.38700147710487
0.542	58.174904942965775	81.81818181818183	0.542	80.98859315589354	94.38700147710487
0.543	58.04816223067174	81.78571428571428	0.543	80.98859315589354	94.38700147710487
0.544	58.04816223067174	81.9320214669052	0.544	80.98859315589354	94.38700147710487
0.545	57.92141951837769	81.89964157706093	0.545	80.8618504435995	94.37869822485207
0.546	57.92141951837769	81.89964157706093	0.546	80.8618504435995	94.37869822485207
0.547	57.92141951837769	81.89964157706093	0.547	80.8618504435995	94.37869822485207
0.548	57.92141951837769	81.89964157706093	0.548	80.8618504435995	94.37869822485207
0.549	57.92141951837769	81.89964157706093	0.549	80.8618504435995	94.37869822485207
0.55	57.92141951837769	81.89964157706093	0.55	80.8618504435995	94.37869822485207
0.551	57.92141951837769	81.89964157706093	0.551	80.8618504435995	94.37869822485207
0.552	57.92141951837769	82.04667863554758	0.552	80.8618504435995	94.37869822485207
0.553	57.92141951837769	82.04667863554758	0.553	80.8618504435995	94.37869822485207
0.554	57.92141951837769	82.04667863554758	0.554	80.8618504435995	94.37869822485207
0.555	57.92141951837769	82.04667863554758	0.555	80.8618504435995	94.37869822485207
0.556	57.92141951837769	82.04667863554758	0.556	80.8618504435995	94.37869822485207
0.557	57.92141951837769	82.04667863554758	0.557	80.8618504435995	94.37869822485207
0.558	57.92141951837769	82.04667863554758	0.558	80.8618504435995	94.37869822485207
0.559	57.79467680608364	82.01438848920863	0.559	80.8618504435995	94.37869822485207
0.56	57.79467680608364	82.16216216216216	0.56	80.8618504435995	94.37869822485207
0.561	57.79467680608364	82.31046931407943	0.561	80.8618504435995	94.37869822485207
0.562	57.79467680608364	82.31046931407943	0.562	80.8618504435995	94.37869822485207
0.5630000000000001	57.79467680608364	82.31046931407943	0.5630000000000001	80.8618504435995	94.51851851851852
0.5640000000000001	57.79467680608364	82.31046931407943	0.5640000000000001	80.73510773130546	94.51038575667656
0.5650000000000001	57.79467680608364	82.31046931407943	0.5650000000000001	80.73510773130546	94.51038575667656
0.5660000000000001	57.79467680608364	82.31046931407943	0.5660000000000001	80.73510773130546	94.51038575667656
0.5670000000000001	57.66793409378961	82.27848101265823	0.5670000000000001	80.73510773130546	94.51038575667656
0.5680000000000001	57.66793409378961	82.27848101265823	0.5680000000000001	80.73510773130546	94.51038575667656
0.5690000000000001	57.66793409378961	82.27848101265823	0.5690000000000001	80.73510773130546	94.51038575667656
0.5700000000000001	57.66793409378961	82.42753623188406	0.5700000000000001	80.73510773130546	94.51038575667656
0.5710000000000001	57.66793409378961	82.42753623188406	0.5710000000000001	80.73510773130546	94.51038575667656
0.5720000000000001	57.66793409378961	82.42753623188406	0.5720000000000001	80.73510773130546	94.51038575667656
0.5730000000000001	57.66793409378961	82.42753623188406	0.5730000000000001	80.73510773130546	94.51038575667656
0.5740000000000001	57.66793409378961	82.42753623188406	0.5740000000000001	80.73510773130546	94.51038575667656
0.5750000000000001	57.66793409378961	82.42753623188406	0.5750000000000001	80.73510773130546	94.51038575667656
0.5760000000000001	57.66793409378961	82.57713248638838	0.5760000000000001	80.73510773130546	94.51038575667656
0.577	57.414448669201526	82.66423357664233	0.577	80.73510773130546	94.51038575667656
0.578	57.414448669201526	82.66423357664233	0.578	80.73510773130546	94.51038575667656
0.579	57.414448669201526	82.66423357664233	0.579	80.73510773130546	94.51038575667656
0.58	57.414448669201526	82.66423357664233	0.58	80.73510773130546	94.51038575667656
0.581	57.28770595690747	82.6325411334552	0.581	80.6083650190114	94.50222882615157
0.582	57.16096324461344	82.6007326007326	0.582	80.6083650190114	94.50222882615157
0.583	57.16096324461344	82.6007326007326	0.583	80.6083650190114	94.50222882615157
0.584	57.16096324461344	82.6007326007326	0.584	80.6083650190114	94.50222882615157
0.585	57.16096324461344	82.6007326007326	0.585	80.6083650190114	94.50222882615157
0.586	57.16096324461344	82.6007326007326	0.586	80.6083650190114	94.64285714285714
0.587	57.16096324461344	82.6007326007326	0.587	80.6083650190114	94.64285714285714
0.588	57.16096324461344	82.6007326007326	0.588	80.6083650190114	94.64285714285714
0.589	57.16096324461344	82.6007326007326	0.589	80.6083650190114	94.64285714285714
0.59	57.03422053231939	82.56880733944955	0.59	80.6083650190114	94.7839046199702
0.591	57.03422053231939	82.56880733944955	0.591	80.6083650190114	94.7839046199702
0.592	57.03422053231939	82.56880733944955	0.592	80.6083650190114	94.7839046199702
0.593	57.03422053231939	82.56880733944955	0.593	80.6083650190114	94.7839046199702
0.594	57.03422053231939	82.72058823529412	0.594	80.6083650190114	94.7839046199702
0.595	57.03422053231939	82.72058823529412	0.595	80.6083650190114	94.7839046199702
0.596	57.03422053231939	82.72058823529412	0.596	80.6083650190114	94.7839046199702
0.597	57.03422053231939	82.87292817679558	0.597	80.6083650190114	94.7839046199702
0.598	57.03422053231939	82.87292817679558	0.598	80.6083650190114	94.7839046199702
0.599	56.90747782002536	82.84132841328413	0.599	80.6083650190114	94.7839046199702
0.6	56.90747782002536	82.84132841328413	0.6	80.6083650190114	94.7839046199702
0.601	56.90747782002536	82.84132841328413	0.601	80.6083650190114	94.7839046199702
0.602	56.90747782002536	82.84132841328413	0.602	80.6083650190114	94.7839046199702
0.603	56.90747782002536	82.84132841328413	0.603	80.6083650190114	94.7839046199702
0.604	56.7807351077313	82.80961182994456	0.604	80.6083650190114	94.7839046199702
0.605	56.65399239543726	82.77777777777777	0.605	80.48162230671736	94.77611940298507
0.606	56.65399239543726	82.77777777777777	0.606	80.48162230671736	94.77611940298507
0.607	56.65399239543726	82.77777777777777	0.607	80.48162230671736	94.77611940298507
0.608	56.65399239543726	82.77777777777777	0.608	80.48162230671736	94.77611940298507
0.609	56.65399239543726	82.77777777777777	0.609	80.48162230671736	94.77611940298507
0.61	56.65399239543726	82.93135435992579	0.61	80.48162230671736	94.77611940298507
0.611	56.527249683143225	82.8996282527881	0.611	80.48162230671736	94.77611940298507
0.612	56.527249683143225	82.8996282527881	0.612	80.48162230671736	94.77611940298507
0.613	56.527249683143225	82.8996282527881	0.613	80.48162230671736	94.77611940298507
0.614	56.527249683143225	82.8996282527881	0.614	80.48162230671736	94.77611940298507
0.615	56.527249683143225	82.8996282527881	0.615	80.48162230671736	94.77611940298507
0.616	56.527249683143225	83.05400372439479	0.616	80.48162230671736	94.91778774289985
0.617	56.527249683143225	83.05400372439479	0.617	80.35487959442332	94.91017964071855
0.618	56.527249683143225	83.05400372439479	0.618	80.35487959442332	94.91017964071855
0.619	56.527249683143225	83.05400372439479	0.619	80.35487959442332	94.91017964071855
0.62	56.527249683143225	83.05400372439479	0.62	80.35487959442332	94.91017964071855
0.621	56.40050697084917	83.02238805970148	0.621	80.35487959442332	94.91017964071855
0.622	56.27376425855514	82.99065420560747	0.622	80.35487959442332	94.91017964071855
0.623	56.27376425855514	83.14606741573034	0.623	80.35487959442332	94.91017964071855
0.624	56.27376425855514	83.14606741573034	0.624	80.35487959442332	95.05247376311844
0.625	56.27376425855514	83.14606741573034	0.625	80.35487959442332	95.05247376311844
0.626	56.27376425855514	83.14606741573034	0.626	80.35487959442332	95.05247376311844
0.627	56.27376425855514	83.14606741573034	0.627	80.35487959442332	95.05247376311844
0.628	56.27376425855514	83.14606741573034	0.628	80.22813688212928	95.18796992481204
0.629	56.27376425855514	83.14606741573034	0.629	80.22813688212928	95.18796992481204
0.63	56.27376425855514	83.14606741573034	0.63	80.22813688212928	95.3313253012048
0.631	56.27376425855514	83.14606741573034	0.631	80.22813688212928	95.3313253012048
0.632	56.14702154626109	83.11444652908068	0.632	80.22813688212928	95.3313253012048
0.633	56.14702154626109	83.11444652908068	0.633	80.22813688212928	95.47511312217196
0.634	56.14702154626109	83.11444652908068	0.634	80.22813688212928	95.47511312217196
0.635	56.14702154626109	83.11444652908068	0.635	80.22813688212928	95.47511312217196
0.636	56.020278833967055	83.0827067669173	0.636	80.22813688212928	95.47511312217196
0.637	56.020278833967055	83.0827067669173	0.637	80.22813688212928	95.47511312217196
0.638	56.020278833967055	83.0827067669173	0.638	80.22813688212928	95.47511312217196
0.639	55.893536121673	83.05084745762711	0.639	80.10139416983523	95.46827794561932
0.64	55.893536121673	83.20754716981132	0.64	80.10139416983523	95.46827794561932
0.641	55.893536121673	83.20754716981132	0.641	80.10139416983523	95.46827794561932
0.642	55.893536121673	83.20754716981132	0.642	80.10139416983523	95.46827794561932
0.643	55.893536121673	83.20754716981132	0.643	80.10139416983523	95.46827794561932
0.644	55.893536121673	83.20754716981132	0.644	80.10139416983523	95.46827794561932
0.645	55.893536121673	83.20754716981132	0.645	80.10139416983523	95.61270801815432
0.646	55.893536121673	83.20754716981132	0.646	80.10139416983523	95.61270801815432
0.647	55.893536121673	83.20754716981132	0.647	79.97465145754119	95.6060606060606
0.648	55.893536121673	83.36483931947069	0.648	79.97465145754119	95.6060606060606
0.649	55.893536121673	83.36483931947069	0.649	79.97465145754119	95.6060606060606
0.65	55.76679340937896	83.49146110056927	0.65	79.97465145754119	95.6060606060606
0.651	55.76679340937896	83.49146110056927	0.651	79.97465145754119	95.6060606060606
0.652	55.76679340937896	83.49146110056927	0.652	79.97465145754119	95.6060606060606
0.653	55.76679340937896	83.49146110056927	0.653	79.97465145754119	95.6060606060606
0.654	55.76679340937896	83.49146110056927	0.654	79.97465145754119	95.6060606060606
0.655	55.76679340937896	83.49146110056927	0.655	79.97465145754119	95.6060606060606
0.656	55.76679340937896	83.49146110056927	0.656	79.97465145754119	95.6060606060606
0.657	55.76679340937896	83.49146110056927	0.657	79.97465145754119	95.6060606060606
0.658	55.38656527249684	83.3969465648855	0.658	79.97465145754119	95.6060606060606
0.659	55.13307984790875	83.33333333333334	0.659	79.97465145754119	95.6060606060606
0.66	54.879594423320654	83.26923076923077	0.66	79.97465145754119	95.6060606060606
0.661	54.879594423320654	83.26923076923077	0.661	79.97465145754119	95.6060606060606
0.662	54.879594423320654	83.26923076923077	0.662	79.97465145754119	95.6060606060606
0.663	54.752851711026615	83.23699421965318	0.663	79.97465145754119	95.6060606060606
0.664	54.752851711026615	83.23699421965318	0.664	79.97465145754119	95.6060606060606
0.665	54.752851711026615	83.23699421965318	0.665	79.97465145754119	95.6060606060606
0.666	54.752851711026615	83.23699421965318	0.666	79.97465145754119	95.6060606060606
0.667	54.752851711026615	83.23699421965318	0.667	79.97465145754119	95.6060606060606
0.668	54.752851711026615	83.23699421965318	0.668	79.97465145754119	95.6060606060606
0.669	54.49936628643853	83.17214700193423	0.669	79.97465145754119	95.6060606060606
0.67	54.49936628643853	83.17214700193423	0.67	79.97465145754119	95.6060606060606
0.671	54.49936628643853	83.17214700193423	0.671	79.97465145754119	95.6060606060606
0.672	54.49936628643853	83.17214700193423	0.672	79.97465145754119	95.6060606060606
0.673	54.49936628643853	83.17214700193423	0.673	79.97465145754119	95.6060606060606
0.674	54.49936628643853	83.17214700193423	0.674	79.97465145754119	95.6060606060606
0.675	54.49936628643853	83.17214700193423	0.675	79.97465145754119	95.6060606060606
0.676	54.49936628643853	83.17214700193423	0.676	79.97465145754119	95.6060606060606
0.677	54.49936628643853	83.17214700193423	0.677	79.97465145754119	95.6060606060606
0.678	54.49936628643853	83.17214700193423	0.678	79.97465145754119	95.6060606060606
0.679	54.49936628643853	83.17214700193423	0.679	79.97465145754119	95.6060606060606
0.68	54.49936628643853	83.17214700193423	0.68	79.97465145754119	95.6060606060606
0.681	54.49936628643853	83.17214700193423	0.681	79.97465145754119	95.6060606060606
0.682	54.49936628643853	83.17214700193423	0.682	79.97465145754119	95.6060606060606
0.683	54.49936628643853	83.17214700193423	0.683	79.72116603295311	95.59270516717324
0.684	54.49936628643853	83.17214700193423	0.684	79.72116603295311	95.59270516717324
0.685	54.49936628643853	83.17214700193423	0.685	79.72116603295311	95.59270516717324
0.686	54.37262357414448	83.13953488372093	0.686	79.72116603295311	95.59270516717324
0.687	54.24588086185045	83.10679611650485	0.687	79.72116603295311	95.59270516717324
0.6880000000000001	54.24588086185045	83.10679611650485	0.6880000000000001	79.72116603295311	95.59270516717324
0.6890000000000001	54.1191381495564	83.0739299610895	0.6890000000000001	79.72116603295311	95.59270516717324
0.6900000000000001	53.86565272496832	83.0078125	0.6900000000000001	79.72116603295311	95.59270516717324
0.6910000000000001	53.86565272496832	83.17025440313111	0.6910000000000001	79.72116603295311	95.59270516717324
0.6920000000000001	53.86565272496832	83.17025440313111	0.6920000000000001	79.72116603295311	95.59270516717324
0.6930000000000001	53.86565272496832	83.17025440313111	0.6930000000000001	79.72116603295311	95.59270516717324
0.6940000000000001	53.86565272496832	83.17025440313111	0.6940000000000001	79.72116603295311	95.59270516717324
0.6950000000000001	53.86565272496832	83.17025440313111	0.6950000000000001	79.72116603295311	95.59270516717324
0.6960000000000001	53.86565272496832	83.17025440313111	0.6960000000000001	79.72116603295311	95.59270516717324
0.6970000000000001	53.86565272496832	83.17025440313111	0.6970000000000001	79.72116603295311	95.59270516717324
0.6980000000000001	53.86565272496832	83.17025440313111	0.6980000000000001	79.72116603295311	95.59270516717324
0.6990000000000001	53.61216730038023	83.1041257367387	0.6990000000000001	79.59442332065906	95.73170731707316
0.7000000000000001	53.61216730038023	83.1041257367387	0.7000000000000001	79.59442332065906	95.73170731707316
0.7010000000000001	53.61216730038023	83.1041257367387	0.7010000000000001	79.59442332065906	95.73170731707316
0.7020000000000001	53.61216730038023	83.1041257367387	0.7020000000000001	79.34093789607097	95.71865443425077
0.7030000000000001	53.61216730038023	83.1041257367387	0.7030000000000001	79.34093789607097	95.71865443425077
0.704	53.61216730038023	83.26771653543307	0.704	79.34093789607097	95.71865443425077
0.705	53.61216730038023	83.4319526627219	0.705	79.34093789607097	95.71865443425077
0.706	53.35868187579214	83.36633663366337	0.706	79.34093789607097	95.71865443425077
0.707	53.35868187579214	83.36633663366337	0.707	79.34093789607097	95.71865443425077
0.708	53.35868187579214	83.36633663366337	0.708	79.34093789607097	95.71865443425077
0.709	53.35868187579214	83.36633663366337	0.709	79.34093789607097	95.86523736600306
0.71	53.35868187579214	83.36633663366337	0.71	79.34093789607097	95.86523736600306
0.711	53.35868187579214	83.36633663366337	0.711	79.34093789607097	95.86523736600306
0.712	53.35868187579214	83.36633663366337	0.712	79.34093789607097	95.86523736600306
0.713	53.35868187579214	83.53174603174604	0.713	79.34093789607097	95.86523736600306
0.714	53.35868187579214	83.53174603174604	0.714	79.34093789607097	95.86523736600306
0.715	53.35868187579214	83.53174603174604	0.715	79.34093789607097	95.86523736600306
0.716	53.35868187579214	83.53174603174604	0.716	79.34093789607097	95.86523736600306
0.717	53.35868187579214	83.53174603174604	0.717	79.21419518377694	96.00614439324116
0.718	53.35868187579214	83.53174603174604	0.718	79.21419518377694	96.00614439324116
0.719	53.35868187579214	83.53174603174604	0.719	79.21419518377694	96.00614439324116
0.72	53.35868187579214	83.53174603174604	0.72	79.21419518377694	96.00614439324116
0.721	53.2319391634981	83.49900596421472	0.721	79.21419518377694	96.00614439324116
0.722	53.10519645120405	83.46613545816733	0.722	79.21419518377694	96.00614439324116
0.723	53.10519645120405	83.46613545816733	0.723	79.21419518377694	96.00614439324116
0.724	53.10519645120405	83.46613545816733	0.724	79.21419518377694	96.00614439324116
0.725	53.10519645120405	83.46613545816733	0.725	79.08745247148289	96.0
0.726	52.97845373891001	83.43313373253493	0.726	79.08745247148289	96.0
0.727	52.97845373891001	83.43313373253493	0.727	79.08745247148289	96.14791987673344
0.728	52.97845373891001	83.43313373253493	0.728	79.08745247148289	96.14791987673344
0.729	52.97845373891001	83.43313373253493	0.729	79.08745247148289	96.14791987673344
0.73	52.97845373891001	83.43313373253493	0.73	79.08745247148289	96.14791987673344
0.731	52.97845373891001	83.6	0.731	79.08745247148289	96.14791987673344
0.732	52.97845373891001	83.76753507014027	0.732	79.08745247148289	96.29629629629628
0.733	52.72496831432193	83.70221327967808	0.733	79.08745247148289	96.29629629629628
0.734	52.72496831432193	83.70221327967808	0.734	79.08745247148289	96.29629629629628
0.735	52.72496831432193	83.70221327967808	0.735	79.08745247148289	96.29629629629628
0.736	52.72496831432193	83.70221327967808	0.736	79.08745247148289	96.29629629629628
0.737	52.72496831432193	83.70221327967808	0.737	78.96070975918886	96.29057187017
0.738	52.72496831432193	83.70221327967808	0.738	78.96070975918886	96.29057187017
0.739	52.72496831432193	83.70221327967808	0.739	78.96070975918886	96.29057187017
0.74	52.72496831432193	83.70221327967808	0.74	78.96070975918886	96.29057187017
0.741	52.72496831432193	83.70221327967808	0.741	78.96070975918886	96.29057187017
0.742	52.59822560202788	83.66935483870968	0.742	78.96070975918886	96.29057187017
0.743	52.59822560202788	83.66935483870968	0.743	78.96070975918886	96.29057187017
0.744	52.59822560202788	83.66935483870968	0.744	78.8339670468948	96.28482972136224
0.745	52.47148288973384	83.63636363636363	0.745	78.70722433460075	96.27906976744184
0.746	52.47148288973384	83.63636363636363	0.746	78.70722433460075	96.27906976744184
0.747	52.47148288973384	83.80566801619433	0.747	78.70722433460075	96.27906976744184
0.748	52.47148288973384	83.80566801619433	0.748	78.70722433460075	96.42857142857144
0.749	52.3447401774398	83.77281947261663	0.749	78.70722433460075	96.42857142857144
0.75	52.3447401774398	83.77281947261663	0.75	78.70722433460075	96.42857142857144
0.751	52.09125475285171	83.70672097759673	0.751	78.70722433460075	96.42857142857144
0.752	52.09125475285171	83.70672097759673	0.752	78.70722433460075	96.42857142857144
0.753	52.09125475285171	83.70672097759673	0.753	78.70722433460075	96.42857142857144
0.754	52.09125475285171	83.70672097759673	0.754	78.70722433460075	96.42857142857144
0.755	52.09125475285171	83.70672097759673	0.755	78.70722433460075	96.42857142857144
0.756	52.09125475285171	83.70672097759673	0.756	78.70722433460075	96.42857142857144
0.757	51.96451204055767	83.84458077709611	0.757	78.70722433460075	96.42857142857144
0.758	51.837769328263626	83.81147540983606	0.758	78.70722433460075	96.42857142857144
0.759	51.837769328263626	83.81147540983606	0.759	78.70722433460075	96.42857142857144
0.76	51.71102661596958	83.77823408624229	0.76	78.70722433460075	96.42857142857144
0.761	51.71102661596958	83.9506172839506	0.761	78.70722433460075	96.42857142857144
0.762	51.71102661596958	84.12371134020619	0.762	78.70722433460075	96.42857142857144
0.763	51.457541191381495	84.40748440748442	0.763	78.70722433460075	96.42857142857144
0.764	51.20405576679341	84.69601677148847	0.764	78.70722433460075	96.42857142857144
0.765	51.07731305449936	84.66386554621849	0.765	78.70722433460075	96.42857142857144
0.766	51.07731305449936	84.66386554621849	0.766	78.70722433460075	96.42857142857144
0.767	51.07731305449936	84.66386554621849	0.767	78.70722433460075	96.42857142857144
0.768	51.07731305449936	84.66386554621849	0.768	78.70722433460075	96.42857142857144
0.769	51.07731305449936	84.66386554621849	0.769	78.70722433460075	96.42857142857144
0.77	51.07731305449936	84.66386554621849	0.77	78.70722433460075	96.42857142857144
0.771	51.07731305449936	84.84210526315789	0.771	78.70722433460075	96.42857142857144
0.772	51.07731305449936	84.84210526315789	0.772	78.70722433460075	96.42857142857144
0.773	51.07731305449936	84.84210526315789	0.773	78.70722433460075	96.42857142857144
0.774	51.07731305449936	85.20084566596195	0.774	78.58048162230672	96.42301710730948
0.775	51.07731305449936	85.20084566596195	0.775	78.58048162230672	96.42301710730948
0.776	51.07731305449936	85.20084566596195	0.776	78.58048162230672	96.42301710730948
0.777	51.07731305449936	85.20084566596195	0.777	78.58048162230672	96.42301710730948
0.778	50.95057034220533	85.35031847133759	0.778	78.58048162230672	96.42301710730948
0.779	50.95057034220533	85.53191489361703	0.779	78.45373891001267	96.41744548286604
0.78	50.95057034220533	85.53191489361703	0.78	78.45373891001267	96.41744548286604
0.781	50.95057034220533	85.53191489361703	0.781	78.45373891001267	96.41744548286604
0.782	50.95057034220533	85.71428571428571	0.782	78.45373891001267	96.41744548286604
0.783	50.95057034220533	85.71428571428571	0.783	78.45373891001267	96.41744548286604
0.784	50.95057034220533	85.71428571428571	0.784	78.45373891001267	96.56786271450858
0.785	50.95057034220533	85.71428571428571	0.785	78.45373891001267	96.56786271450858
0.786	50.82382762991128	85.68376068376068	0.786	78.45373891001267	96.56786271450858
0.787	50.82382762991128	85.68376068376068	0.787	78.45373891001267	96.56786271450858
0.788	50.82382762991128	85.68376068376068	0.788	78.45373891001267	96.71875
0.789	50.82382762991128	85.68376068376068	0.789	78.45373891001267	96.71875
0.79	50.69708491761724	85.65310492505354	0.79	78.32699619771863	96.71361502347418
0.791	50.69708491761724	85.65310492505354	0.791	78.32699619771863	96.71361502347418
0.792	50.44359949302915	85.77586206896551	0.792	78.32699619771863	96.71361502347418
0.793	50.44359949302915	85.77586206896551	0.793	78.32699619771863	96.71361502347418
0.794	50.44359949302915	85.77586206896551	0.794	78.32699619771863	96.71361502347418
0.795	50.31685678073511	85.7451403887689	0.795	78.32699619771863	96.71361502347418
0.796	50.31685678073511	85.7451403887689	0.796	78.32699619771863	96.71361502347418
0.797	50.31685678073511	85.93073593073593	0.797	78.32699619771863	96.71361502347418
0.798	50.19011406844106	85.90021691973969	0.798	78.32699619771863	96.71361502347418
0.799	50.19011406844106	85.90021691973969	0.799	78.32699619771863	96.71361502347418
0.8	50.19011406844106	86.08695652173914	0.8	78.07351077313055	96.7032967032967
0.801	50.19011406844106	86.08695652173914	0.801	78.07351077313055	96.7032967032967
0.802	50.19011406844106	86.08695652173914	0.802	78.07351077313055	96.7032967032967
0.803	50.19011406844106	86.08695652173914	0.803	78.07351077313055	96.7032967032967
0.804	50.19011406844106	86.08695652173914	0.804	78.07351077313055	96.7032967032967
0.805	50.19011406844106	86.08695652173914	0.805	78.07351077313055	96.7032967032967
0.806	50.19011406844106	86.08695652173914	0.806	78.07351077313055	96.7032967032967
0.807	50.19011406844106	86.08695652173914	0.807	78.07351077313055	96.7032967032967
0.808	50.06337135614702	86.05664488017429	0.808	78.07351077313055	96.7032967032967
0.809	50.06337135614702	86.24454148471615	0.809	78.07351077313055	96.7032967032967
0.81	50.06337135614702	86.24454148471615	0.81	78.07351077313055	96.7032967032967
0.811	50.06337135614702	86.43326039387308	0.811	78.07351077313055	96.7032967032967
0.812	49.93662864385298	86.40350877192982	0.812	78.07351077313055	96.7032967032967
0.8130000000000001	49.93662864385298	86.40350877192982	0.8130000000000001	77.82002534854246	96.69291338582676
0.8140000000000001	49.80988593155893	86.37362637362638	0.8140000000000001	77.69328263624841	96.68769716088327
0.8150000000000001	49.80988593155893	86.37362637362638	0.8150000000000001	77.69328263624841	96.68769716088327
0.8160000000000001	49.80988593155893	86.56387665198237	0.8160000000000001	77.69328263624841	96.68769716088327
0.8170000000000001	49.80988593155893	86.56387665198237	0.8170000000000001	77.69328263624841	96.68769716088327
0.8180000000000001	49.68314321926489	86.53421633554083	0.8180000000000001	77.69328263624841	96.68769716088327
0.8190000000000001	49.556400506970846	86.50442477876106	0.8190000000000001	77.56653992395437	96.6824644549763
0.8200000000000001	49.556400506970846	86.50442477876106	0.8200000000000001	77.56653992395437	96.6824644549763
0.8210000000000001	49.42965779467681	86.47450110864744	0.8210000000000001	77.56653992395437	96.6824644549763
0.8220000000000001	49.42965779467681	86.47450110864744	0.8220000000000001	77.56653992395437	96.6824644549763
0.8230000000000001	49.30291508238277	86.44444444444444	0.8230000000000001	77.56653992395437	96.6824644549763
0.8240000000000001	49.30291508238277	86.44444444444444	0.8240000000000001	77.56653992395437	96.6824644549763
0.8250000000000001	49.30291508238277	86.44444444444444	0.8250000000000001	77.56653992395437	96.6824644549763
0.8260000000000001	49.30291508238277	86.44444444444444	0.8260000000000001	77.56653992395437	96.6824644549763
0.8270000000000001	49.30291508238277	86.44444444444444	0.8270000000000001	77.56653992395437	96.6824644549763
0.8280000000000001	49.17617237008872	86.41425389755011	0.8280000000000001	77.56653992395437	96.6824644549763
0.8290000000000001	49.17617237008872	86.41425389755011	0.8290000000000001	77.43979721166033	96.67721518987342
0.8300000000000001	49.17617237008872	86.41425389755011	0.8300000000000001	77.31305449936629	96.82539682539682
0.8310000000000001	49.17617237008872	86.41425389755011	0.8310000000000001	77.31305449936629	96.82539682539682
0.8320000000000001	49.04942965779468	86.38392857142857	0.8320000000000001	77.31305449936629	96.82539682539682
0.833	49.04942965779468	86.38392857142857	0.833	77.31305449936629	96.82539682539682
0.834	49.04942965779468	86.38392857142857	0.834	77.31305449936629	96.82539682539682
0.835	49.04942965779468	86.38392857142857	0.835	77.31305449936629	96.97933227344993
0.836	49.04942965779468	86.57718120805369	0.836	77.31305449936629	96.97933227344993
0.837	49.04942965779468	86.57718120805369	0.837	77.18631178707224	96.97452229299364
0.838	49.04942965779468	86.57718120805369	0.838	77.18631178707224	96.97452229299364
0.839	49.04942965779468	86.57718120805369	0.839	77.0595690747782	96.96969696969695
0.84	49.04942965779468	86.57718120805369	0.84	77.0595690747782	96.96969696969695
0.841	49.04942965779468	86.57718120805369	0.841	77.0595690747782	96.96969696969695
0.842	49.04942965779468	86.57718120805369	0.842	77.0595690747782	96.96969696969695
0.843	48.92268694550063	86.54708520179372	0.843	77.0595690747782	96.96969696969695
0.844	48.79594423320659	86.51685393258427	0.844	77.0595690747782	96.96969696969695
0.845	48.79594423320659	86.51685393258427	0.845	77.0595690747782	96.96969696969695
0.846	48.79594423320659	86.71171171171171	0.846	76.93282636248415	96.96485623003196
0.847	48.79594423320659	86.71171171171171	0.847	76.93282636248415	96.96485623003196
0.848	48.79594423320659	86.71171171171171	0.848	76.93282636248415	96.96485623003196
0.849	48.669201520912544	86.68171557562077	0.849	76.93282636248415	96.96485623003196
0.85	48.542458808618505	86.65158371040724	0.85	76.80608365019012	96.96
0.851	48.16223067173637	86.56036446469248	0.851	76.67934093789607	96.9551282051282
0.852	48.16223067173637	86.7579908675799	0.852	76.67934093789607	96.9551282051282
0.853	48.03548795944233	86.72768878718536	0.853	76.67934093789607	96.9551282051282
0.854	47.78200253485424	86.66666666666667	0.854	76.67934093789607	96.9551282051282
0.855	47.78200253485424	86.66666666666667	0.855	76.67934093789607	96.9551282051282
0.856	47.78200253485424	86.66666666666667	0.856	76.67934093789607	96.9551282051282
0.857	47.78200253485424	86.8663594470046	0.857	76.67934093789607	96.9551282051282
0.858	47.78200253485424	86.8663594470046	0.858	76.55259822560203	96.95024077046548
0.859	47.65525982256021	87.03703703703704	0.859	76.55259822560203	96.95024077046548
0.86	47.65525982256021	87.03703703703704	0.86	76.55259822560203	96.95024077046548
0.861	47.52851711026616	87.00696055684455	0.861	76.42585551330798	96.94533762057875
0.862	47.52851711026616	87.20930232558139	0.862	76.42585551330798	96.94533762057875
0.863	47.52851711026616	87.20930232558139	0.863	76.42585551330798	96.94533762057875
0.864	47.52851711026616	87.20930232558139	0.864	76.42585551330798	96.94533762057875
0.865	47.52851711026616	87.20930232558139	0.865	76.42585551330798	96.94533762057875
0.866	47.40177439797212	87.17948717948718	0.866	76.42585551330798	97.10144927536231
0.867	47.40177439797212	87.17948717948718	0.867	76.42585551330798	97.25806451612902
0.868	47.27503168567807	87.14953271028037	0.868	76.42585551330798	97.25806451612902
0.869	47.27503168567807	87.35362997658079	0.869	76.42585551330798	97.25806451612902
0.87	47.14828897338403	87.32394366197182	0.87	76.42585551330798	97.25806451612902
0.871	47.02154626108999	87.29411764705883	0.871	76.29911280101395	97.41100323624596
0.872	47.02154626108999	87.5	0.872	76.29911280101395	97.41100323624596
0.873	46.7680608365019	87.44075829383885	0.873	76.29911280101395	97.41100323624596
0.874	46.7680608365019	87.44075829383885	0.874	76.29911280101395	97.41100323624596
0.875	46.7680608365019	87.44075829383885	0.875	76.29911280101395	97.41100323624596
0.876	46.7680608365019	87.44075829383885	0.876	76.1723700887199	97.4068071312804
0.877	46.64131812420786	87.61904761904762	0.877	76.1723700887199	97.4068071312804
0.878	46.64131812420786	87.61904761904762	0.878	76.1723700887199	97.4068071312804
0.879	46.51457541191382	87.58949880668257	0.879	76.1723700887199	97.56493506493509
0.88	46.51457541191382	87.58949880668257	0.88	76.1723700887199	97.56493506493509
0.881	46.51457541191382	87.58949880668257	0.881	76.1723700887199	97.56493506493509
0.882	46.51457541191382	87.58949880668257	0.882	76.1723700887199	97.72357723577235
0.883	46.38783269961977	87.5598086124402	0.883	75.91888466413181	97.71615008156608
0.884	46.38783269961977	87.5598086124402	0.884	75.79214195183776	97.7124183006536
0.885	46.38783269961977	87.5598086124402	0.885	75.66539923954373	97.8688524590164
0.886	46.38783269961977	87.5598086124402	0.886	75.66539923954373	97.8688524590164
0.887	46.38783269961977	87.5598086124402	0.887	75.66539923954373	97.8688524590164
0.888	46.00760456273764	87.46987951807229	0.888	75.66539923954373	97.8688524590164
0.889	46.00760456273764	87.46987951807229	0.889	75.66539923954373	97.8688524590164
0.89	46.00760456273764	87.68115942028986	0.89	75.53865652724969	97.86535303776684
0.891	46.00760456273764	87.68115942028986	0.891	75.53865652724969	97.86535303776684
0.892	46.00760456273764	87.68115942028986	0.892	75.53865652724969	97.86535303776684
0.893	46.00760456273764	87.68115942028986	0.893	75.41191381495564	97.86184210526316
0.894	46.00760456273764	87.68115942028986	0.894	75.41191381495564	97.86184210526316
0.895	45.8808618504436	87.86407766990291	0.895	75.41191381495564	97.86184210526316
0.896	45.75411913814956	87.8345498783455	0.896	75.2851711026616	97.85831960461286
0.897	45.62737642585552	88.01955990220048	0.897	75.15842839036755	97.85478547854784
0.898	45.50063371356147	87.99019607843137	0.898	74.90494296577947	97.84768211920527
0.899	45.50063371356147	87.99019607843137	0.899	74.77820025348542	97.8441127694859
0.9	45.247148288973385	87.93103448275862	0.9	74.77820025348542	97.8441127694859
0.901	45.247148288973385	87.93103448275862	0.901	74.65145754119138	97.8405315614618
0.902	45.247148288973385	87.93103448275862	0.902	74.65145754119138	97.8405315614618
0.903	45.247148288973385	87.93103448275862	0.903	74.3979721166033	97.83333333333334
0.904	45.247148288973385	88.36633663366337	0.904	74.3979721166033	97.83333333333334
0.905	44.9936628643853	88.30845771144278	0.905	74.3979721166033	97.83333333333334
0.906	44.9936628643853	88.5286783042394	0.906	74.3979721166033	97.83333333333334
0.907	44.86692015209125	88.5	0.907	74.3979721166033	97.9966611018364
0.908	44.740177439797215	88.47117794486216	0.908	74.3979721166033	97.9966611018364
0.909	44.61343472750317	88.44221105527639	0.909	74.3979721166033	97.9966611018364
0.91	44.61343472750317	88.44221105527639	0.91	74.3979721166033	97.9966611018364
0.911	44.48669201520912	88.41309823677582	0.911	74.27122940430925	97.9933110367893
0.912	44.35994930291508	88.38383838383838	0.912	74.27122940430925	97.9933110367893
0.913	44.35994930291508	88.83248730964468	0.913	74.27122940430925	97.9933110367893
0.914	44.106463878327	88.77551020408163	0.914	74.27122940430925	97.9933110367893
0.915	43.85297845373891	88.71794871794872	0.915	74.27122940430925	97.9933110367893
0.916	43.59949302915083	88.88888888888889	0.916	74.27122940430925	97.9933110367893
0.917	43.472750316856775	88.86010362694302	0.917	74.27122940430925	97.9933110367893
0.918	43.472750316856775	89.0909090909091	0.918	74.27122940430925	97.9933110367893
0.919	43.346007604562736	89.0625	0.919	74.1444866920152	97.98994974874373
0.92	43.346007604562736	89.29503916449086	0.92	74.1444866920152	97.98994974874373
0.921	43.2192648922687	89.26701570680629	0.921	74.01774397972116	97.98657718120806
0.922	43.2192648922687	89.26701570680629	0.922	73.76425855513308	97.97979797979798
0.923	43.2192648922687	89.73684210526316	0.923	73.38403041825094	97.96954314720811
0.924	43.2192648922687	89.9736147757256	0.924	73.25728770595691	97.96610169491524
0.925	43.09252217997465	89.94708994708994	0.925	73.25728770595691	98.13242784380306
0.926	42.96577946768061	89.92042440318302	0.926	73.25728770595691	98.13242784380306
0.927	42.96577946768061	89.92042440318302	0.927	73.13054499366287	98.12925170068029
0.928	42.839036755386566	89.8936170212766	0.928	73.00380228136882	98.12606473594548
0.929	42.839036755386566	89.8936170212766	0.929	73.00380228136882	98.12606473594548
0.93	42.71229404309253	89.86666666666666	0.93	73.00380228136882	98.12606473594548
0.931	42.71229404309253	89.86666666666666	0.931	73.00380228136882	98.12606473594548
0.932	42.71229404309253	89.86666666666666	0.932	72.87705956907477	98.12286689419795
0.933	42.58555133079848	89.83957219251337	0.933	72.6235741444867	98.11643835616438
0.934	42.45880861850444	89.81233243967829	0.934	72.6235741444867	98.11643835616438
0.935	42.33206590621039	89.78494623655914	0.935	72.49683143219265	98.1132075471698
0.936	42.33206590621039	89.78494623655914	0.936	72.3700887198986	98.10996563573885
0.937	41.82509505703423	89.67391304347827	0.937	72.3700887198986	98.10996563573885
0.938	41.82509505703423	89.91825613079018	0.938	72.3700887198986	98.10996563573885
0.939	41.69835234474017	90.13698630136986	0.939	72.3700887198986	98.10996563573885
0.94	41.57160963244613	90.10989010989012	0.94	72.3700887198986	98.10996563573885
0.941	41.31812420785805	90.05524861878453	0.941	72.3700887198986	98.10996563573885
0.942	41.191381495564	90.02770083102493	0.942	72.11660329531053	98.10344827586206
0.943	41.06463878326996	90.0	0.943	71.98986058301648	98.10017271157167
0.944	40.93789607097592	89.97214484679665	0.944	71.98986058301648	98.10017271157167
0.945	40.68441064638783	90.1685393258427	0.945	71.98986058301648	98.10017271157167
0.946	40.68441064638783	90.1685393258427	0.946	71.98986058301648	98.10017271157167
0.947	40.68441064638783	90.1685393258427	0.947	71.98986058301648	98.10017271157167
0.948	40.43092522179975	90.11299435028248	0.948	71.86311787072243	98.0968858131488
0.949	40.3041825095057	90.08498583569406	0.949	71.60963244613436	98.0902777777778
0.95	40.17743979721166	90.05681818181817	0.95	71.60963244613436	98.0902777777778
0.951	40.050697084917616	90.02849002849003	0.951	71.48288973384031	98.08695652173913
0.952	39.79721166032953	89.97134670487105	0.952	71.48288973384031	98.08695652173913
0.953	39.4169835234474	89.88439306358381	0.953	71.48288973384031	98.08695652173913
0.954	39.163498098859314	90.0874635568513	0.954	71.48288973384031	98.08695652173913
0.955	39.163498098859314	90.0874635568513	0.955	71.48288973384031	98.08695652173913
0.956	38.91001267427123	90.02932551319648	0.956	71.35614702154626	98.0836236933798
0.957	38.65652724968314	90.23668639053254	0.957	70.97591888466414	98.0735551663748
0.958	38.27629911280101	90.41916167664672	0.958	70.8491761723701	98.0701754385965
0.959	38.02281368821293	90.6344410876133	0.959	70.8491761723701	98.0701754385965
0.96	37.76932826362484	90.85365853658536	0.96	70.46894803548795	98.0599647266314
0.961	37.6425855513308	91.3846153846154	0.961	70.34220532319392	98.0565371024735
0.962	37.26235741444867	91.30434782608695	0.962	70.21546261089988	98.05309734513274
0.963	36.628643852978456	91.16719242902208	0.963	70.08871989860583	98.04964539007092
0.964	36.50190114068441	91.13924050632912	0.964	69.96197718631178	98.04618117229128
0.965	36.248415716096325	91.66666666666666	0.965	69.58174904942965	98.03571428571428
0.966	35.741444866920155	91.55844155844156	0.966	69.32826362484157	98.20466786355476
0.967	35.48795944233207	91.5032679738562	0.967	69.20152091254754	98.20143884892086
0.968	35.10773130544994	91.4191419141914	0.968	68.94803548795944	98.19494584837544
0.969	35.10773130544994	91.72185430463576	0.969	68.94803548795944	98.19494584837544
0.97	34.98098859315589	92.3076923076923	0.97	68.8212927756654	98.19168173598554
0.971	34.85424588086185	92.28187919463086	0.971	68.56780735107732	98.18511796733212
0.972	34.60076045627377	92.54237288135592	0.972	68.44106463878326	98.1818181818182
0.973	34.22053231939163	92.46575342465754	0.973	67.9340937896071	98.348623853211
0.974	33.840304182509506	92.70833333333334	0.974	67.68060836501901	98.34254143646407
0.975	33.71356147021547	92.6829268292683	0.975	67.42712294043093	98.7012987012987
0.976	33.07984790874524	93.21428571428572	0.976	67.0468948035488	98.69402985074626
0.977	32.953105196451205	93.1899641577061	0.977	66.53992395437263	98.68421052631578
0.978	32.44613434727503	93.43065693430655	0.978	66.28643852978455	98.67924528301889
0.979	31.93916349809886	93.33333333333331	0.979	65.90621039290241	98.67172675521822
0.98	31.55893536121673	93.25842696629212	0.98	65.27249683143219	98.65900383141762
0.981	31.05196451204056	93.15589353612168	0.981	65.14575411913816	98.65642994241844
0.982	30.92522179974652	93.12977099236642	0.982	65.14575411913816	98.65642994241844
0.983	30.544993662864385	93.05019305019306	0.983	64.76552598225602	98.64864864864865
0.984	29.65779467680608	93.6	0.984	64.51204055766794	98.64341085271316
0.985	29.150823827629917	93.87755102040816	0.985	64.25855513307985	98.63813229571986
0.986	28.643852978453737	94.16666666666669	0.986	63.49809885931559	98.81656804733728
0.987	28.010139416983527	94.44444444444444	0.987	62.99112801013942	98.80715705765408
0.988	26.996197718631176	94.24778761061948	0.988	62.10392902408112	98.79032258064515
0.989	26.23574144486692	94.52054794520548	0.989	60.836501901140686	98.76543209876544
0.99	25.982256020278832	94.47004608294932	0.99	60.70975918884665	98.76288659793816
0.991	25.475285171102666	94.81132075471696	0.991	59.949302915082384	98.74739039665972
0.992	23.954372623574145	94.9748743718593	0.992	58.808618504436	98.72340425531917
0.993	22.81368821292776	94.73684210526316	0.993	57.54119138149556	98.69565217391305
0.994	21.673003802281368	95.53072625698324	0.994	55.38656527249684	98.64559819413093
0.995	20.912547528517116	95.3757225433526	0.995	54.1191381495564	98.61431870669746
0.996	20.025348542458808	97.53086419753086	0.996	52.21799746514575	98.8009592326139
0.997	17.110266159695815	97.12230215827336	0.997	49.42965779467681	98.98477157360406
0.998	14.702154626109	98.30508474576273	0.998	45.75411913814956	98.9041095890411
0.999	10.773130544993665	97.70114942528735	0.999	37.6425855513308	99.66442953020132
1.0	0.0	0.0	1.0	0.0	0.0

